0.000	40.000	11.348	0.000	11.348	28.652	0.000	20.000	0.000	0.000	0.000
0.005	40.000	11.348	0.000	11.348	28.652	0.000	20.000	0.000	0.000	0.000
0.010	40.000	11.781	0.000	11.781	28.219	0.000	20.000	0.000	0.000	0.000
0.015	40.000	11.657	0.000	11.657	28.343	0.000	20.000	0.000	0.000	0.000
0.020	40.000	11.657	0.000	11.657	28.343	0.000	20.000	0.000	0.000	0.000
0.025	40.000	11.562	0.000	11.562	28.438	0.000	20.000	0.000	0.000	0.000
0.030	40.000	11.619	0.000	11.619	28.381	0.000	20.000	0.000	0.000	0.000
0.035	40.000	11.619	0.000	11.619	28.381	0.000	20.000	0.000	0.000	0.000
0.040	40.000	11.439	0.000	11.439	28.561	0.000	20.000	0.000	0.000	0.000
0.045	40.000	11.439	0.000	11.439	28.561	0.000	20.000	0.000	0.000	0.000
0.050	40.000	11.363	0.000	11.363	28.637	0.000	20.000	0.000	0.000	0.000
0.055	40.000	11.372	0.000	11.372	28.628	0.000	20.000	0.000	0.000	0.000
0.060	40.000	11.372	0.000	11.372	28.628	0.000	20.000	0.000	0.000	0.000
0.065	40.000	11.351	0.000	11.351	28.649	0.000	20.000	0.000	0.000	0.000
0.070	40.000	11.357	0.000	11.357	28.643	0.000	20.000	0.000	0.000	0.000
0.075	40.000	11.357	0.000	11.357	28.643	0.000	20.000	0.000	0.000	0.000
0.080	40.000	11.455	0.000	11.455	28.545	0.000	20.000	0.000	0.000	0.000
0.085	40.000	11.455	0.000	11.455	28.545	0.000	20.000	0.000	0.000	0.000
0.090	40.000	11.343	0.000	11.343	28.657	0.000	20.000	0.000	0.000	0.000
0.095	40.000	11.786	0.000	11.786	28.214	0.000	20.000	0.000	0.000	0.000
0.100	40.000	11.786	0.000	11.786	28.214	0.000	20.000	0.000	0.000	0.000
0.105	40.000	11.651	0.000	11.651	28.349	0.000	20.000	0.000	0.000	0.000
0.110	40.000	11.565	0.000	11.565	28.435	0.000	20.000	0.000	0.000	0.000
0.115	40.000	11.565	0.000	11.565	28.435	0.000	20.000	0.000	0.000	0.000
0.120	40.000	11.625	0.000	11.625	28.375	0.000	20.000	0.000	0.000	0.000
0.125	40.000	11.440	0.000	11.440	28.560	0.000	20.000	0.000	0.000	0.000
0.130	40.000	11.440	0.000	11.440	28.560	0.000	20.000	0.000	0.000	0.000
0.135	40.000	11.366	0.000	11.366	28.634	0.000	20.000	0.000	0.000	0.000
0.140	40.000	11.366	0.000	11.366	28.634	0.000	20.000	0.000	0.000	0.000
0.145	40.000	11.382	0.000	11.382	28.618	0.000	20.000	0.000	0.000	0.000
0.150	40.000	11.361	0.000	11.361	28.639	0.000	20.000	0.000	0.000	0.000
0.155	40.000	11.361	0.000	11.361	28.639	0.000	20.000	0.000	0.000	0.000
0.160	40.000	11.364	0.000	11.364	28.636	0.000	20.000	0.000	0.000	0.000
0.165	40.000	11.467	0.000	11.467	28.533	0.000	20.000	0.000	0.000	0.000
0.170	40.000	11.467	0.000	11.467	28.533	0.000	20.000	0.000	0.000	0.000
0.175	40.000	11.350	0.000	11.350	28.650	0.000	20.000	0.000	0.000	0.000
0.180	40.000	11.350	0.000	11.350	28.650	0.000	20.000	0.000	0.000	0.000
0.185	40.000	11.795	0.000	11.795	28.205	0.000	20.000	0.000	0.000	0.000
0.190	40.000	11.656	0.000	11.656	28.344	0.000	20.000	0.000	0.000	0.000
0.195	40.000	11.656	0.000	11.656	28.344	0.000	20.000	0.000	0.000	0.000
0.200	40.000	11.575	0.000	11.575	28.425	0.000	20.000	0.000	0.000	0.000
0.205	40.000	11.633	0.000	11.633	28.367	0.000	20.000	0.000	0.000	0.000
0.210	40.000	11.633	0.000	11.633	28.367	0.000	20.000	0.000	0.000	0.000
0.215	40.000	11.452	0.000	11.452	28.548	0.000	20.000	0.000	0.000	0.000
0.220	40.000	11.377	0.000	11.377	28.623	0.000	20.000	0.000	0.000	0.000
0.225	40.000	11.377	0.000	11.377	28.623	0.000	20.000	0.000	0.000	0.000
0.230	40.000	11.386	0.000	11.386	28.614	0.000	20.000	0.000	0.000	0.000
0.235	40.000	11.386	0.000	11.386	28.614	0.000	20.000	0.000	0.000	0.000
0.240	40.000	11.363	0.000	11.363	28.637	0.000	20.000	0.000	0.000	0.000
0.245	40.000	11.371	0.000	11.371	28.629	0.000	20.000	0.000	0.000	0.000
0.250	40.000	11.371	0.000	11.371	28.629	0.000	20.000	0.000	0.000	0.000
0.255	40.000	11.471	0.000	11.471	28.529	0.000	20.000	0.000	0.000	0.000
0.260	40.000	11.362	0.000	11.362	28.638	0.000	20.000	0.000	0.000	0.000
0.265	40.000	11.362	0.000	11.362	28.638	0.000	20.000	0.000	0.000	0.000
0.270	40.000	11.796	0.000	11.796	28.204	0.000	20.000	0.000	0.000	0.000
0.275	40.000	11.796	0.000	11.796	28.204	0.000	20.000	0.000	0.000	0.000
0.280	40.000	11.663	0.000	11.663	28.337	0.000	20.000	0.000	0.000	0.000
0.285	40.000	11.587	0.000	11.587	28.413	0.000	20.000	0.000	0.000	0.000
0.290	40.000	11.587	0.000	11.587	28.413	0.000	20.000	0.000	0.000	0.000
0.295	40.000	11.637	0.000	11.637	28.363	0.000	20.000	0.000	0.000	0.000
0.300	40.000	11.460	0.000	11.460	28.540	0.000	20.000	0.000	0.000	0.000
0.305	40.000	11.460	0.000	11.460	28.540	0.000	20.000	0.000	0.000	0.000
0.310	40.000	11.389	0.000	11.389	28.611	0.000	20.000	0.000	0.000	0.000
0.315	40.000	11.402	0.000	11.402	28.598	0.000	20.000	0.000	0.000	0.000
0.320	40.000	11.402	0.000	11.402	28.598	0.000	20.000	0.000	0.000	0.000
0.325	40.000	11.379	0.000	11.379	28.621	0.000	20.000	0.000	0.000	0.000
0.330	40.000	11.379	0.000	11.379	28.621	0.000	20.000	0.000	0.000	0.000
0.335	40.000	11.383	0.000	11.383	28.617	0.000	20.000	0.000	0.000	0.000
0.340	40.000	11.488	0.000	11.488	28.512	0.000	20.000	0.000	0.000	0.000
0.345	40.000	11.488	0.000	11.488	28.512	0.000	20.000	0.000	0.000	0.000
0.350	40.000	11.375	0.000	11.375	28.625	0.000	20.000	0.000	0.000	0.000
0.355	40.000	11.818	0.000	11.818	28.182	0.000	20.000	0.000	0.000	0.000
0.360	40.000	11.818	0.000	11.818	28.182	0.000	20.000	0.000	0.000	0.000
0.365	40.000	11.683	0.000	11.683	28.317	0.000	20.000	0.000	0.000	0.000
0.370	40.000	11.597	0.000	11.597	28.403	0.000	20.000	0.000	0.000	0.000
0.375	40.000	11.597	0.000	11.597	28.403	0.000	20.000	0.000	0.000	0.000
0.380	40.000	11.663	0.000	11.663	28.337	0.000	20.000	0.000	0.000	0.000
0.385	40.000	11.663	0.000	11.663	28.337	0.000	20.000	0.000	0.000	0.000
0.390	40.000	11.475	0.000	11.475	28.525	0.000	20.000	0.000	0.000	0.000
0.395	40.000	11.401	0.000	11.401	28.599	0.000	20.000	0.000	0.000	0.000
0.400	40.000	11.401	0.000	11.401	28.599	0.000	20.000	0.000	0.000	0.000
0.405	40.000	11.419	0.000	11.419	28.581	0.000	20.000	0.000	0.000	0.000
0.410	40.000	11.390	0.000	11.390	28.610	0.000	20.000	0.000	0.000	0.000
0.415	40.000	11.390	0.000	11.390	28.610	0.000	20.000	0.000	0.000	0.000
0.420	40.000	11.396	0.000	11.396	28.604	0.000	20.000	0.000	0.000	0.000
0.425	40.000	11.396	0.000	11.396	28.604	0.000	20.000	0.000	0.000	0.000
0.430	40.000	11.497	0.000	11.497	28.503	0.000	20.000	0.000	0.000	0.000
0.435	40.000	11.390	0.000	11.390	28.610	0.000	20.000	0.000	0.000	0.000
0.440	40.000	11.390	0.000	11.390	28.610	0.000	20.000	0.000	0.000	0.000
0.445	40.000	11.826	0.000	11.826	28.174	0.000	20.000	0.000	0.000	0.000
0.450	40.000	11.691	0.000	11.691	28.309	0.000	20.000	0.000	0.000	0.000
0.455	40.000	11.691	0.000	11.691	28.309	0.000	20.000	0.000	0.000	0.000
0.460	40.000	11.612	0.000	11.612	28.388	0.000	20.000	0.000	0.000	0.000
0.465	40.000	11.666	0.000	11.666	28.334	0.000	20.000	0.000	0.000	0.000
0.470	40.000	11.666	0.000	11.666	28.334	0.000	20.000	0.000	0.000	0.000
0.475	40.000	11.487	0.000	11.487	28.513	0.000	20.000	0.000	0.000	0.000
0.480	40.000	11.487	0.000	11.487	28.513	0.000	20.000	0.000	0.000	0.000
0.485	40.000	11.411	0.000	11.411	28.589	0.000	20.000	0.000	0.000	0.000
0.490	40.000	11.429	0.000	11.429	28.571	0.000	20.000	0.000	0.000	0.000
0.495	40.000	11.429	0.000	11.429	28.571	0.000	20.000	0.000	0.000	0.000
0.500	40.000	11.402	0.000	11.402	28.598	0.000	20.000	0.000	0.000	0.000
0.505	40.000	11.407	0.000	11.407	28.593	0.000	20.000	0.000	0.000	0.000
0.510	40.000	11.407	0.000	11.407	28.593	0.000	20.000	0.000	0.000	0.000
0.515	40.000	11.503	0.000	11.503	28.497	0.000	20.000	0.000	0.000	0.000
0.520	40.000	11.503	0.000	11.503	28.497	0.000	20.000	0.000	0.000	0.000
0.525	40.000	11.399	0.000	11.399	28.601	0.000	20.000	0.000	0.000	0.000
0.530	40.000	11.838	0.000	11.838	28.162	0.000	20.000	0.000	0.000	0.000
0.535	40.000	11.838	0.000	11.838	28.162	0.000	20.000	0.000	0.000	0.000
0.540	40.000	11.706	0.000	11.706	28.294	0.000	20.000	0.000	0.000	0.000
0.545	40.000	11.614	0.000	11.614	28.386	0.000	20.000	0.000	0.000	0.000
0.550	40.000	11.614	0.000	11.614	28.386	0.000	20.000	0.000	0.000	0.000
0.555	40.000	11.676	0.000	11.676	28.324	0.000	20.000	0.000	0.000	0.000
0.560	40.000	11.493	0.000	11.493	28.507	0.000	20.000	0.000	0.000	0.000
0.565	40.000	11.493	0.000	11.493	28.507	0.000	20.000	0.000	0.000	0.000
0.570	40.000	11.418	0.000	11.418	28.582	0.000	20.000	0.000	0.000	0.000
0.575	40.000	11.418	0.000	11.418	28.582	0.000	20.000	0.000	0.000	0.000
0.580	40.000	11.429	0.000	11.429	28.571	0.000	20.000	0.000	0.000	0.000
0.585	40.000	11.410	0.000	11.410	28.590	0.000	20.000	0.000	0.000	0.000
0.590	40.000	11.410	0.000	11.410	28.590	0.000	20.000	0.000	0.000	0.000
0.595	40.000	11.420	0.000	11.420	28.580	0.000	20.000	0.000	0.000	0.000
0.600	40.000	11.511	0.000	11.511	28.489	0.000	20.000	0.000	0.000	0.000
0.605	40.000	11.511	0.000	11.511	28.489	0.000	20.000	0.000	0.000	0.000
0.610	40.000	11.403	0.000	11.403	28.597	0.000	20.000	0.000	0.000	0.000
0.615	40.000	11.844	0.000	11.844	28.156	0.000	20.000	0.000	0.000	0.000
0.620	40.000	11.844	0.000	11.844	28.156	0.000	20.000	0.000	0.000	0.000
0.625	40.000	11.710	0.000	11.710	28.290	0.000	20.000	0.000	0.000	0.000
0.630	40.000	11.710	0.000	11.710	28.290	0.000	20.000	0.000	0.000	0.000
0.635	40.000	11.622	0.000	11.622	28.378	0.000	20.000	0.000	0.000	0.000
0.640	40.000	11.678	0.000	11.678	28.322	0.000	20.000	0.000	0.000	0.000
0.645	40.000	11.678	0.000	11.678	28.322	0.000	20.000	0.000	0.000	0.000
0.650	40.000	11.495	0.000	11.495	28.505	0.000	20.000	0.000	0.000	0.000
0.655	40.000	11.416	0.000	11.416	28.584	0.000	20.000	0.000	0.000	0.000
0.660	40.000	11.416	0.000	11.416	28.584	0.000	20.000	0.000	0.000	0.000
0.665	40.000	11.430	0.000	11.430	28.570	0.000	20.000	0.000	0.000	0.000
0.670	40.000	11.406	0.000	11.406	28.594	0.000	20.000	0.000	0.000	0.000
0.675	40.000	11.406	0.000	11.406	28.594	0.000	20.000	0.000	0.000	0.000
0.680	40.000	11.416	0.000	11.416	28.584	0.000	20.000	0.000	0.000	0.000
0.685	40.000	11.416	0.000	11.416	28.584	0.000	20.000	0.000	0.000	0.000
0.690	40.000	11.511	0.000	11.511	28.489	0.000	20.000	0.000	0.000	0.000
0.695	40.000	11.402	0.000	11.402	28.598	0.000	20.000	0.000	0.000	0.000
0.700	40.000	11.402	0.000	11.402	28.598	0.000	20.000	0.000	0.000	0.000
0.705	40.000	11.846	0.000	11.846	28.154	0.000	20.000	0.000	0.000	0.000
0.710	40.000	11.711	0.000	11.711	28.289	0.000	20.000	0.000	0.000	0.000
0.715	40.000	11.711	0.000	11.711	28.289	0.000	20.000	0.000	0.000	0.000
0.720	40.000	11.622	0.000	11.622	28.378	0.000	20.000	0.000	0.000	0.000
0.725	40.000	11.683	0.000	11.683	28.317	0.000	20.000	0.000	0.000	0.000
0.730	40.000	11.683	0.000	11.683	28.317	0.000	20.000	0.000	0.000	0.000
0.735	40.000	11.502	0.000	11.502	28.498	0.000	20.000	0.000	0.000	0.000
0.740	40.000	11.502	0.000	11.502	28.498	0.000	20.000	0.000	0.000	0.000
0.745	40.000	11.431	0.000	11.431	28.569	0.000	20.000	0.000	0.000	0.000
0.750	40.000	11.439	0.000	11.439	28.561	0.000	20.000	0.000	0.000	0.000
0.755	40.000	11.439	0.000	11.439	28.561	0.000	20.000	0.000	0.000	0.000
0.760	40.000	11.417	0.000	11.417	28.583	0.000	20.000	0.000	0.000	0.000
0.765	40.000	11.421	0.000	11.421	28.579	0.000	20.000	0.000	0.000	0.000
0.770	40.000	11.421	0.000	11.421	28.579	0.000	20.000	0.000	0.000	0.000
0.775	40.000	11.521	0.000	11.521	28.479	0.000	20.000	0.000	0.000	0.000
0.780	40.000	11.521	0.000	11.521	28.479	0.000	20.000	0.000	0.000	0.000
0.785	40.000	11.408	0.000	11.408	28.592	0.000	20.000	0.000	0.000	0.000
0.790	40.000	11.850	0.000	11.850	28.150	0.000	20.000	0.000	0.000	0.000
0.795	40.000	11.850	0.000	11.850	28.150	0.000	20.000	0.000	0.000	0.000
0.800	40.000	11.715	0.000	11.715	28.285	0.000	20.000	0.000	0.000	0.000
0.805	40.000	11.626	0.000	11.626	28.374	0.000	20.000	0.000	0.000	0.000
0.810	40.000	11.626	0.000	11.626	28.374	0.000	20.000	0.000	0.000	0.000
0.815	40.000	11.689	0.000	11.689	28.311	0.000	20.000	0.000	0.000	0.000
0.820	40.000	11.498	0.000	11.498	28.502	0.000	20.000	0.000	0.000	0.000
0.825	40.000	11.498	0.000	11.498	28.502	0.000	20.000	0.000	0.000	0.000
0.830	40.000	11.426	0.000	11.426	28.574	0.000	20.000	0.000	0.000	0.000
0.835	40.000	11.426	0.000	11.426	28.574	0.000	20.000	0.000	0.000	0.000
0.840	40.000	11.445	0.000	11.445	28.555	0.000	20.000	0.000	0.000	0.000
0.845	40.000	11.409	0.000	11.409	28.591	0.000	20.000	0.000	0.000	0.000
0.850	40.000	11.409	0.000	11.409	28.591	0.000	20.000	0.000	0.000	0.000
0.855	40.000	11.419	0.000	11.419	28.581	0.000	20.000	0.000	0.000	0.000
0.860	40.000	11.519	0.000	11.519	28.481	0.000	20.000	0.000	0.000	0.000
0.865	40.000	11.519	0.000	11.519	28.481	0.000	20.000	0.000	0.000	0.000
0.870	40.000	11.411	0.000	11.411	28.589	0.000	20.000	0.000	0.000	0.000
0.875	40.000	11.847	0.000	11.847	28.153	0.000	20.000	0.000	0.000	0.000
0.880	40.000	11.847	0.000	11.847	28.153	0.000	20.000	0.000	0.000	0.000
0.885	40.000	11.709	0.000	11.709	28.291	0.000	20.000	0.000	0.000	0.000
0.890	40.000	11.709	0.000	11.709	28.291	0.000	20.000	0.000	0.000	0.000
0.895	40.000	11.630	0.000	11.630	28.370	0.000	20.000	0.000	0.000	0.000
0.900	40.000	11.688	0.000	11.688	28.312	0.000	20.000	0.000	0.000	0.000
0.905	40.000	11.688	0.000	11.688	28.312	0.000	20.000	0.000	0.000	0.000
0.910	40.000	11.501	0.000	11.501	28.499	0.000	20.000	0.000	0.000	0.000
0.915	40.000	11.428	0.000	11.428	28.572	0.000	20.000	0.000	0.000	0.000
0.920	40.000	11.428	0.000	11.428	28.572	0.000	20.000	0.000	0.000	0.000
0.925	40.000	11.448	0.000	11.448	28.552	0.000	20.000	0.000	0.000	0.000
0.930	40.000	11.415	0.000	11.415	28.585	0.000	20.000	0.000	0.000	0.000
0.935	40.000	11.415	0.000	11.415	28.585	0.000	20.000	0.000	0.000	0.000
0.940	40.000	11.424	0.000	11.424	28.576	0.000	20.000	0.000	0.000	0.000
0.945	40.000	11.424	0.000	11.424	28.576	0.000	20.000	0.000	0.000	0.000
0.950	40.000	11.525	0.000	11.525	28.475	0.000	20.000	0.000	0.000	0.000
0.955	40.000	11.418	0.000	11.418	28.582	0.000	20.000	0.000	0.000	0.000
0.960	40.000	11.418	0.000	11.418	28.582	0.000	20.000	0.000	0.000	0.000
0.965	40.000	11.856	0.000	11.856	28.144	0.000	20.000	0.000	0.000	0.000
0.970	40.000	11.725	0.000	11.725	28.275	0.000	20.000	0.000	0.000	0.000
0.975	40.000	11.725	0.000	11.725	28.275	0.000	20.000	0.000	0.000	0.000
0.980	40.000	11.634	0.000	11.634	28.366	0.000	20.000	0.000	0.000	0.000
0.985	40.000	11.696	0.000	11.696	28.304	0.000	20.000	0.000	0.000	0.000
0.990	40.000	11.696	0.000	11.696	28.304	0.000	20.000	0.000	0.000	0.000
0.995	40.000	11.511	0.000	11.511	28.489	0.000	20.000	0.000	0.000	0.000
1.000	40.000	11.511	0.000	11.511	28.489	0.000	20.000	0.000	0.000	0.000
1.005	40.000	11.437	0.000	11.437	28.563	0.000	20.000	0.000	0.000	0.000
1.010	40.000	11.447	0.000	11.447	28.553	0.000	20.000	0.000	0.000	0.000
1.015	40.000	11.447	0.000	11.447	28.553	0.000	20.000	0.000	0.000	0.000
1.020	40.000	11.422	0.000	11.422	28.578	0.000	20.000	0.000	0.000	0.000
1.025	40.000	11.427	0.000	11.427	28.573	0.000	20.000	0.000	0.000	0.000
1.030	40.000	11.427	0.000	11.427	28.573	0.000	20.000	0.000	0.000	0.000
1.035	40.000	11.528	0.000	11.528	28.472	0.000	20.000	0.000	0.000	0.000
1.040	40.000	11.417	0.000	11.417	28.583	0.000	20.000	0.000	0.000	0.000
1.045	40.000	11.417	0.000	11.417	28.583	0.000	20.000	0.000	0.000	0.000
1.050	40.000	11.861	0.000	11.861	28.139	0.000	20.000	0.000	0.000	0.000
1.055	40.000	11.861	0.000	11.861	28.139	0.000	20.000	0.000	0.000	0.000
1.060	40.000	11.723	0.000	11.723	28.277	0.000	20.000	0.000	0.000	0.000
1.065	40.000	11.639	0.000	11.639	28.361	0.000	20.000	0.000	0.000	0.000
1.070	40.000	11.639	0.000	11.639	28.361	0.000	20.000	0.000	0.000	0.000
1.075	40.000	11.693	0.000	11.693	28.307	0.000	20.000	0.000	0.000	0.000
1.080	40.000	11.508	0.000	11.508	28.492	0.000	20.000	0.000	0.000	0.000
1.085	40.000	11.508	0.000	11.508	28.492	0.000	20.000	0.000	0.000	0.000
1.090	40.000	11.432	0.000	11.432	28.568	0.000	20.000	0.000	0.000	0.000
1.095	40.000	11.447	0.000	11.447	28.553	0.000	60.000	0.000	0.000	0.000
1.100	40.000	11.447	0.000	11.447	28.553	0.000	60.000	0.000	0.000	0.000
1.105	40.000	11.595	0.000	11.595	28.405	0.000	60.000	0.000	0.000	0.000
1.110	40.000	11.595	0.000	11.595	28.405	0.000	60.000	0.000	0.000	0.000
1.115	40.000	12.066	0.000	12.066	27.934	0.000	60.000	0.000	0.000	0.000
1.120	40.000	12.726	0.000	12.726	27.274	0.000	60.000	0.000	0.000	0.000
1.125	40.000	13.068	0.000	13.068	26.932	0.000	60.000	0.000	0.000	0.000
1.130	40.000	13.068	0.000	13.068	26.932	0.000	60.000	0.000	0.000	0.000
1.135	40.000	14.033	0.000	14.033	25.967	0.000	60.000	0.000	0.000	0.000
1.140	40.000	14.270	0.000	14.270	25.730	0.000	60.000	0.000	0.000	0.000
1.145	40.000	14.597	0.000	14.597	25.403	0.000	60.000	0.000	0.000	0.000
1.150	40.000	15.082	0.000	15.082	24.918	0.000	60.000	0.000	0.000	0.000
1.155	40.000	15.082	0.000	15.082	24.918	0.000	60.000	0.000	0.000	0.000
1.160	40.000	15.194	0.000	15.194	24.806	0.000	60.000	0.000	0.000	0.000
1.165	40.000	15.456	0.000	15.456	24.544	0.000	60.000	0.000	0.000	0.000
1.170	40.000	15.790	0.000	15.790	24.210	0.000	60.000	0.000	0.000	0.000
1.175	40.000	16.132	0.000	16.132	23.868	0.000	60.000	0.000	0.000	0.000
1.180	40.000	16.393	0.000	16.393	23.607	0.000	60.000	0.000	0.000	0.000
1.185	40.000	16.905	0.000	16.905	23.095	0.000	60.000	0.000	0.000	0.000
1.190	40.000	17.005	0.000	17.005	22.995	0.000	60.000	0.000	0.000	0.000
1.195	40.000	17.986	0.000	17.986	22.014	0.000	60.000	0.000	0.000	0.000
1.200	40.000	18.006	0.000	18.006	21.994	0.000	60.000	0.000	0.000	0.000
1.205	40.000	18.188	0.000	18.188	21.812	0.000	60.000	0.000	0.000	0.000
1.210	40.000	18.547	0.000	18.547	21.453	0.000	60.000	0.000	0.000	0.000
1.215	40.000	18.473	0.000	18.473	21.527	0.000	60.000	0.000	0.000	0.000
1.220	40.000	18.649	0.000	18.649	21.351	0.000	60.000	0.000	0.000	0.000
1.225	40.000	18.856	0.000	18.856	21.144	0.000	60.000	0.000	0.000	0.000
1.230	40.000	19.120	0.000	19.120	20.880	0.000	60.000	0.000	0.000	0.000
1.235	40.000	19.280	0.000	19.280	20.720	0.000	60.000	0.000	0.000	0.000
1.240	40.000	19.716	0.000	19.716	20.284	0.000	60.000	0.000	0.000	0.000
1.245	40.000	19.705	0.000	19.705	20.295	0.000	60.000	0.000	0.000	0.000
1.250	40.000	20.708	0.000	20.708	19.292	0.000	60.000	0.000	0.000	0.000
1.255	40.000	20.661	0.000	20.661	19.339	0.000	60.000	0.000	0.000	0.000
1.260	40.000	21.078	0.000	21.078	18.922	0.000	60.000	0.000	0.000	0.000
1.265	40.000	20.875	0.000	20.875	19.125	0.000	60.000	0.000	0.000	0.000
1.270	40.000	20.986	0.000	20.986	19.014	0.000	60.000	0.000	0.000	0.000
1.275	40.000	21.149	0.000	21.149	18.851	0.000	60.000	0.000	0.000	0.000
1.280	40.000	21.364	0.000	21.364	18.636	0.000	60.000	0.000	0.000	0.000
1.285	40.000	21.484	0.000	21.484	18.516	0.000	60.000	0.000	0.000	0.000
1.290	40.000	21.799	0.000	21.799	18.201	0.000	60.000	0.000	0.000	0.000
1.295	40.000	22.865	0.000	22.865	17.135	0.000	60.000	0.000	0.000	0.000
1.300	40.000	22.735	0.000	22.735	17.265	0.000	60.000	0.000	0.000	0.000
1.305	40.000	22.723	0.000	22.723	17.277	0.000	60.000	0.000	0.000	0.000
1.310	40.000	22.777	0.000	22.777	17.223	0.000	60.000	0.000	0.000	0.000
1.315	40.000	22.858	0.000	22.858	17.142	0.000	60.000	0.000	0.000	0.000
1.320	40.000	22.963	0.000	22.963	17.037	0.000	60.000	0.000	0.000	0.000
1.325	40.000	23.174	0.000	23.174	16.826	0.000	60.000	0.000	0.000	0.000
1.330	40.000	23.620	0.000	23.620	16.380	0.000	60.000	0.000	0.000	0.000
1.335	40.000	23.527	0.000	23.527	16.473	0.000	60.000	0.000	0.000	0.000
1.340	40.000	24.601	0.000	24.601	15.399	0.000	60.000	0.000	0.000	0.000
1.345	40.000	24.373	0.000	24.373	15.627	0.000	60.000	0.000	0.000	0.000
1.350	40.000	24.704	0.000	24.704	15.296	0.000	60.000	0.000	0.000	0.000
1.355	40.000	24.386	0.000	24.386	15.614	0.000	60.000	0.000	0.000	0.000
1.360	40.000	24.485	0.000	24.485	15.515	0.000	60.000	0.000	0.000	0.000
1.365	40.000	24.672	0.000	24.672	15.328	0.000	60.000	0.000	0.000	0.000
1.370	40.000	25.115	0.000	25.115	14.885	0.000	60.000	0.000	0.000	0.000
1.375	40.000	24.940	0.000	24.940	15.060	0.000	60.000	0.000	0.000	0.000
1.380	40.000	26.066	0.000	26.066	13.934	0.000	60.000	0.000	0.000	0.000
1.385	40.000	25.786	0.000	25.786	14.214	0.000	60.000	0.000	0.000	0.000
1.390	40.000	26.074	0.000	26.074	13.926	0.000	60.000	0.000	0.000	0.000
1.395	40.000	25.745	0.000	25.745	14.255	0.000	60.000	0.000	0.000	0.000
1.400	40.000	25.783	0.000	25.783	14.217	0.000	60.000	0.000	0.000	0.000
1.405	40.000	25.954	0.000	25.954	14.046	0.000	60.000	0.000	0.000	0.000
1.410	40.000	26.340	0.000	26.340	13.660	0.000	60.000	0.000	0.000	0.000
1.415	40.000	26.176	0.000	26.176	13.824	0.000	60.000	0.000	0.000	0.000
1.420	40.000	27.058	0.000	27.058	12.942	0.000	60.000	0.000	0.000	0.000
1.425	40.000	26.970	0.000	26.970	13.030	0.000	60.000	0.000	0.000	0.000
1.430	40.000	26.823	0.000	26.823	13.177	0.000	60.000	0.000	0.000	0.000
1.435	40.000	26.846	0.000	26.846	13.154	0.000	60.000	0.000	0.000	0.000
1.440	40.000	27.044	0.000	27.044	12.956	0.000	60.000	0.000	0.000	0.000
1.445	40.000	27.061	0.000	27.061	12.939	0.000	60.000	0.000	0.000	0.000
1.450	40.000	27.214	0.000	27.214	12.786	0.000	60.000	0.000	0.000	0.000
1.455	40.000	28.362	0.000	28.362	11.638	0.000	60.000	0.000	0.000	0.000
1.460	40.000	27.981	0.000	27.981	12.019	0.000	60.000	0.000	0.000	0.000
1.465	40.000	28.261	0.000	28.261	11.739	0.000	60.000	0.000	0.000	0.000
1.470	40.000	27.804	0.000	27.804	12.196	0.000	60.000	0.000	0.000	0.000
1.475	40.000	28.019	0.000	28.019	11.981	0.000	60.000	0.000	0.000	0.000
1.480	40.000	27.991	0.000	27.991	12.009	0.000	60.000	0.000	0.000	0.000
1.485	40.000	28.142	0.000	28.142	11.858	0.000	60.000	0.000	0.000	0.000
1.490	40.000	29.341	0.000	29.341	10.659	0.000	60.000	0.000	0.000	0.000
1.495	40.000	28.909	0.000	28.909	11.091	0.000	60.000	0.000	0.000	0.000
1.500	40.000	29.199	0.000	29.199	10.801	0.000	60.000	0.000	0.000	0.000
1.505	40.000	28.696	0.000	28.696	11.304	0.000	60.000	0.000	0.000	0.000
1.510	40.000	28.866	0.000	28.866	11.134	0.000	60.000	0.000	0.000	0.000
1.515	40.000	28.868	0.000	28.868	11.132	0.000	60.000	0.000	0.000	0.000
1.520	40.000	28.979	0.000	28.979	11.021	0.000	60.000	0.000	0.000	0.000
1.525	40.000	30.201	0.000	30.201	9.799	0.000	60.000	0.000	0.000	0.000
1.530	40.000	29.733	0.000	29.733	10.267	0.000	60.000	0.000	0.000	0.000
1.535	40.000	29.528	0.000	29.528	10.472	0.000	60.000	0.000	0.000	0.000
1.540	40.000	29.487	0.000	29.487	10.513	0.000	60.000	0.000	0.000	0.000
1.545	40.000	29.636	0.000	29.636	10.364	0.000	60.000	0.000	0.000	0.000
1.550	40.000	29.966	0.000	29.966	10.034	0.000	60.000	0.000	0.000	0.000
1.555	40.000	29.734	0.000	29.734	10.266	0.000	60.000	0.000	0.000	0.000
1.560	40.000	30.652	0.000	30.652	9.348	0.000	60.000	0.000	0.000	0.000
1.565	40.000	30.737	0.000	30.737	9.263	0.000	60.000	0.000	0.000	0.000
1.570	40.000	30.248	0.000	30.248	9.752	0.000	60.000	0.000	0.000	0.000
1.575	40.000	30.185	0.000	30.185	9.815	0.000	60.000	0.000	0.000	0.000
1.580	40.000	30.286	0.000	30.286	9.714	0.000	60.000	0.000	0.000	0.000
1.585	40.000	30.656	0.000	30.656	9.344	0.000	60.000	0.000	0.000	0.000
1.590	40.000	31.658	0.000	31.658	8.342	0.000	60.000	0.000	0.000	0.000
1.595	40.000	31.112	0.000	31.112	8.888	0.000	60.000	0.000	0.000	0.000
1.600	40.000	31.416	0.000	31.416	8.584	0.000	60.000	0.000	0.000	0.000
1.605	40.000	30.841	0.000	30.841	9.159	0.000	60.000	0.000	0.000	0.000
1.610	40.000	30.966	0.000	30.966	9.034	0.000	60.000	0.000	0.000	0.000
1.615	40.000	31.284	0.000	31.284	8.716	0.000	60.000	0.000	0.000	0.000
1.620	40.000	30.978	0.000	30.978	9.022	0.000	60.000	0.000	0.000	0.000
1.625	40.000	31.931	0.000	31.931	8.069	0.000	60.000	0.000	0.000	0.000
1.630	40.000	32.007	0.000	32.007	7.993	0.000	60.000	0.000	0.000	0.000
1.635	40.000	31.385	0.000	31.385	8.615	0.000	60.000	0.000	0.000	0.000
1.640	40.000	31.388	0.000	31.388	8.612	0.000	60.000	0.000	0.000	0.000
1.645	40.000	31.478	0.000	31.478	8.522	0.000	60.000	0.000	0.000	0.000
1.650	40.000	31.538	0.000	31.538	8.462	0.000	60.000	0.000	0.000	0.000
1.655	40.000	32.494	0.000	32.494	7.506	0.000	60.000	0.000	0.000	0.000
1.660	40.000	32.257	0.000	32.257	7.743	0.000	60.000	0.000	0.000	0.000
1.665	40.000	32.001	0.000	32.001	7.999	0.000	60.000	0.000	0.000	0.000
1.670	40.000	31.904	0.000	31.904	8.096	0.000	60.000	0.000	0.000	0.000
1.675	40.000	31.994	0.000	31.994	8.006	0.000	60.000	0.000	0.000	0.000
1.680	40.000	32.355	0.000	32.355	7.645	0.000	60.000	0.000	0.000	0.000
1.685	40.000	33.368	0.000	33.368	6.632	0.000	60.000	0.000	0.000	0.000
1.690	40.000	32.758	0.000	32.758	7.242	0.000	60.000	0.000	0.000	0.000
1.695	40.000	32.505	0.000	32.505	7.495	0.000	60.000	0.000	0.000	0.000
1.700	40.000	32.421	0.000	32.421	7.579	0.000	60.000	0.000	0.000	0.000
1.705	40.000	32.523	0.000	32.523	7.477	0.000	60.000	0.000	0.000	0.000
1.710	40.000	32.869	0.000	32.869	7.131	0.000	60.000	0.000	0.000	0.000
1.715	40.000	33.882	0.000	33.882	6.118	0.000	60.000	0.000	0.000	0.000
1.720	40.000	33.223	0.000	33.223	6.777	0.000	60.000	0.000	0.000	0.000
1.725	40.000	32.975	0.000	32.975	7.025	0.000	60.000	0.000	0.000	0.000
1.730	40.000	32.852	0.000	32.852	7.148	0.000	60.000	0.000	0.000	0.000
1.735	40.000	32.996	0.000	32.996	7.004	0.000	60.000	0.000	0.000	0.000
1.740	40.000	33.292	0.000	33.292	6.708	0.000	60.000	0.000	0.000	0.000
1.745	40.000	34.303	0.000	34.303	5.697	0.000	60.000	0.000	0.000	0.000
1.750	40.000	33.707	0.000	33.707	6.293	0.000	60.000	0.000	0.000	0.000
1.755	40.000	33.378	0.000	33.378	6.622	0.000	60.000	0.000	0.000	0.000
1.760	40.000	33.266	0.000	33.266	6.734	0.000	60.000	0.000	0.000	0.000
1.765	40.000	33.378	0.000	33.378	6.622	0.000	60.000	0.000	0.000	0.000
1.770	40.000	33.716	0.000	33.716	6.284	0.000	60.000	0.000	0.000	0.000
1.775	40.000	34.717	0.000	34.717	5.283	0.000	60.000	0.000	0.000	0.000
1.780	40.000	34.082	0.000	34.082	5.918	0.000	60.000	0.000	0.000	0.000
1.785	40.000	33.789	0.000	33.789	6.211	0.000	60.000	0.000	0.000	0.000
1.790	40.000	33.639	0.000	33.639	6.361	0.000	60.000	0.000	0.000	0.000
1.795	40.000	33.717	0.000	33.717	6.283	0.000	60.000	0.000	0.000	0.000
1.800	40.000	34.090	0.000	34.090	5.910	0.000	60.000	0.000	0.000	0.000
1.805	40.000	35.115	0.000	35.115	4.885	0.000	60.000	0.000	0.000	0.000
1.810	40.000	34.454	0.000	34.454	5.546	0.000	60.000	0.000	0.000	0.000
1.815	40.000	34.147	0.000	34.147	5.853	0.000	60.000	0.000	0.000	0.000
1.820	40.000	34.016	0.000	34.016	5.984	0.000	60.000	0.000	0.000	0.000
1.825	40.000	34.055	0.000	34.055	5.945	0.000	60.000	0.000	0.000	0.000
1.830	40.000	34.087	0.000	34.087	5.913	0.000	60.000	0.000	0.000	0.000
1.835	40.000	35.075	0.000	35.075	4.925	0.000	60.000	0.000	0.000	0.000
1.840	40.000	35.082	0.000	35.082	4.918	0.000	60.000	0.000	0.000	0.000
1.845	40.000	34.371	0.000	34.371	5.629	0.000	60.000	0.000	0.000	0.000
1.850	40.000	34.331	0.000	34.331	5.669	0.000	60.000	0.000	0.000	0.000
1.855	40.000	34.395	0.000	34.395	5.605	0.000	60.000	0.000	0.000	0.000
1.860	40.000	34.408	0.000	34.408	5.592	0.000	60.000	0.000	0.000	0.000
1.865	40.000	35.409	0.000	35.409	4.591	0.000	60.000	0.000	0.000	0.000
1.870	40.000	35.425	0.000	35.425	4.575	0.000	60.000	0.000	0.000	0.000
1.875	40.000	34.678	0.000	34.678	5.322	0.000	60.000	0.000	0.000	0.000
1.880	40.000	34.774	0.000	34.774	5.226	0.000	60.000	0.000	0.000	0.000
1.885	40.000	35.082	0.000	35.082	4.918	0.000	60.000	0.000	0.000	0.000
1.890	40.000	36.088	0.000	36.088	3.912	0.000	60.000	0.000	0.000	0.000
1.895	40.000	35.415	0.000	35.415	4.585	0.000	60.000	0.000	0.000	0.000
1.900	40.000	35.089	0.000	35.089	4.911	0.000	60.000	0.000	0.000	0.000
1.905	40.000	34.932	0.000	34.932	5.068	0.000	60.000	0.000	0.000	0.000
1.910	40.000	34.968	0.000	34.968	5.032	0.000	60.000	0.000	0.000	0.000
1.915	40.000	35.340	0.000	35.340	4.660	0.000	60.000	0.000	0.000	0.000
1.920	40.000	36.385	0.000	36.385	3.615	0.000	60.000	0.000	0.000	0.000
1.925	40.000	35.691	0.000	35.691	4.309	0.000	60.000	0.000	0.000	0.000
1.930	40.000	35.368	0.000	35.368	4.632	0.000	60.000	0.000	0.000	0.000
1.935	40.000	35.192	0.000	35.192	4.808	0.000	60.000	0.000	0.000	0.000
1.940	40.000	35.240	0.000	35.240	4.760	0.000	60.000	0.000	0.000	0.000
1.945	40.000	35.253	0.000	35.253	4.747	0.000	60.000	0.000	0.000	0.000
1.950	40.000	36.248	0.000	36.248	3.752	0.000	60.000	0.000	0.000	0.000
1.955	40.000	36.258	0.000	36.258	3.742	0.000	60.000	0.000	0.000	0.000
1.960	40.000	35.480	0.000	35.480	4.520	0.000	60.000	0.000	0.000	0.000
1.965	40.000	35.572	0.000	35.572	4.428	0.000	60.000	0.000	0.000	0.000
1.970	40.000	35.873	0.000	35.873	4.127	0.000	60.000	0.000	0.000	0.000
1.975	40.000	36.915	0.000	36.915	3.085	0.000	60.000	0.000	0.000	0.000
1.980	40.000	36.211	0.000	36.211	3.789	0.000	60.000	0.000	0.000	0.000
1.985	40.000	35.848	0.000	35.848	4.152	0.000	60.000	0.000	0.000	0.000
1.990	40.000	35.674	0.000	35.674	4.326	0.000	60.000	0.000	0.000	0.000
1.995	40.000	35.715	0.000	35.715	4.285	0.000	60.000	0.000	0.000	0.000
2.000	40.000	35.706	0.000	35.706	4.294	0.000	60.000	0.000	0.000	0.000
2.005	40.000	36.734	0.000	36.734	3.266	0.000	60.000	0.000	0.000	0.000
2.010	40.000	36.739	0.000	36.739	3.261	0.000	60.000	0.000	0.000	0.000
2.015	40.000	35.943	0.000	35.943	4.057	0.000	60.000	0.000	0.000	0.000
2.020	40.000	36.016	0.000	36.016	3.984	0.000	60.000	0.000	0.000	0.000
2.025	40.000	36.300	0.000	36.300	3.700	0.000	60.000	0.000	0.000	0.000
2.030	40.000	37.354	0.000	37.354	2.646	0.000	60.000	0.000	0.000	0.000
2.035	40.000	36.630	0.000	36.630	3.370	0.000	60.000	0.000	0.000	0.000
2.040	40.000	36.259	0.000	36.259	3.741	0.000	60.000	0.000	0.000	0.000
2.045	40.000	36.090	0.000	36.090	3.910	0.000	60.000	0.000	0.000	0.000
2.050	40.000	36.122	0.000	36.122	3.878	0.000	60.000	0.000	0.000	0.000
2.055	40.000	36.109	0.000	36.109	3.891	0.000	60.000	0.000	0.000	0.000
2.060	40.000	37.138	0.000	37.138	2.862	0.000	60.000	0.000	0.000	0.000
2.065	40.000	37.127	0.000	37.127	2.873	0.000	60.000	0.000	0.000	0.000
2.070	40.000	36.346	0.000	36.346	3.654	0.000	60.000	0.000	0.000	0.000
2.075	40.000	36.405	0.000	36.405	3.595	0.000	60.000	0.000	0.000	0.000
2.080	40.000	36.690	0.000	36.690	3.310	0.000	60.000	0.000	0.000	0.000
2.085	40.000	37.740	0.000	37.740	2.260	0.000	60.000	0.000	0.000	0.000
2.090	40.000	37.016	0.000	37.016	2.984	0.000	60.000	0.000	0.000	0.000
2.095	40.000	36.669	0.000	36.669	3.331	0.000	60.000	0.000	0.000	0.000
2.100	40.000	36.487	0.000	36.487	3.513	0.000	60.000	0.000	0.000	0.000
2.105	40.000	36.513	0.000	36.513	3.487	0.000	60.000	0.000	0.000	0.000
2.110	40.000	36.492	0.000	36.492	3.508	0.000	60.000	0.000	0.000	0.000
2.115	40.000	37.541	0.000	37.541	2.459	0.000	60.000	0.000	0.000	0.000
2.120	40.000	37.507	0.000	37.507	2.493	0.000	60.000	0.000	0.000	0.000
2.125	40.000	36.709	0.000	36.709	3.291	0.000	60.000	0.000	0.000	0.000
2.130	40.000	36.780	0.000	36.780	3.220	0.000	60.000	0.000	0.000	0.000
2.135	40.000	37.077	0.000	37.077	2.923	0.000	60.000	0.000	0.000	0.000
2.140	40.000	37.719	0.000	37.719	2.281	0.000	60.000	0.000	0.000	0.000
2.145	40.000	37.694	0.000	37.694	2.306	0.000	60.000	0.000	0.000	0.000
2.150	40.000	36.900	0.000	36.900	3.100	0.000	60.000	0.000	0.000	0.000
2.155	40.000	36.951	0.000	36.951	3.049	0.000	60.000	0.000	0.000	0.000
2.160	40.000	37.245	0.000	37.245	2.755	0.000	60.000	0.000	0.000	0.000
2.165	40.000	38.313	0.000	38.313	1.687	0.000	60.000	0.000	0.000	0.000
2.170	40.000	37.560	0.000	37.560	2.440	0.000	60.000	0.000	0.000	0.000
2.175	40.000	37.203	0.000	37.203	2.797	0.000	60.000	0.000	0.000	0.000
2.180	40.000	37.016	0.000	37.016	2.984	0.000	60.000	0.000	0.000	0.000
2.185	40.000	37.021	0.000	37.021	2.979	0.000	60.000	0.000	0.000	0.000
2.190	40.000	37.039	0.000	37.039	2.961	0.000	60.000	0.000	0.000	0.000
2.195	40.000	38.050	0.000	38.050	1.950	0.000	60.000	0.000	0.000	0.000
2.200	40.000	38.018	0.000	38.018	1.982	0.000	60.000	0.000	0.000	0.000
2.205	40.000	37.214	0.000	37.214	2.786	0.000	60.000	0.000	0.000	0.000
2.210	40.000	37.272	0.000	37.272	2.728	0.000	60.000	0.000	0.000	0.000
2.215	40.000	37.536	0.000	37.536	2.464	0.000	60.000	0.000	0.000	0.000
2.220	40.000	38.637	0.000	38.637	1.363	0.000	60.000	0.000	0.000	0.000
2.225	40.000	38.171	0.000	38.171	1.829	0.000	60.000	0.000	0.000	0.000
2.230	40.000	37.345	0.000	37.345	2.655	0.000	60.000	0.000	0.000	0.000
2.235	40.000	37.399	0.000	37.399	2.601	0.000	60.000	0.000	0.000	0.000
2.240	40.000	37.669	0.000	37.669	2.331	0.000	60.000	0.000	0.000	0.000
2.245	40.000	38.769	0.000	38.769	1.231	0.000	60.000	0.000	0.000	0.000
2.250	40.000	37.999	0.000	37.999	2.001	0.000	60.000	0.000	0.000	0.000
2.255	40.000	37.619	0.000	37.619	2.381	0.000	60.000	0.000	0.000	0.000
2.260	40.000	37.411	0.000	37.411	2.589	0.000	60.000	0.000	0.000	0.000
2.265	40.000	37.453	0.000	37.453	2.547	0.000	60.000	0.000	0.000	0.000
2.270	40.000	37.438	0.000	37.438	2.562	0.000	60.000	0.000	0.000	0.000
2.275	40.000	38.494	0.000	38.494	1.506	0.000	60.000	0.000	0.000	0.000
2.280	40.000	38.434	0.000	38.434	1.566	0.000	60.000	0.000	0.000	0.000
2.285	40.000	37.621	0.000	37.621	2.379	0.000	60.000	0.000	0.000	0.000
2.290	40.000	37.578	0.000	37.578	2.422	0.000	60.000	0.000	0.000	0.000
2.295	40.000	37.541	0.000	37.541	2.459	0.000	60.000	0.000	0.000	0.000
2.300	40.000	38.598	0.000	38.598	1.402	0.000	60.000	0.000	0.000	0.000
2.305	40.000	38.575	0.000	38.575	1.425	0.000	60.000	0.000	0.000	0.000
2.310	40.000	37.737	0.000	37.737	2.263	0.000	60.000	0.000	0.000	0.000
2.315	40.000	37.792	0.000	37.792	2.208	0.000	60.000	0.000	0.000	0.000
2.320	40.000	38.088	0.000	38.088	1.912	0.000	60.000	0.000	0.000	0.000
2.325	40.000	39.173	0.000	39.173	0.827	0.000	60.000	0.000	0.000	0.000
2.330	40.000	38.411	0.000	38.411	1.589	0.000	60.000	0.000	0.000	0.000
2.335	40.000	38.004	0.000	38.004	1.996	0.000	60.000	0.000	0.000	0.000
2.340	40.000	37.920	0.000	37.920	2.080	0.000	60.000	0.000	0.000	0.000
2.345	40.000	38.199	0.000	38.199	1.801	0.000	60.000	0.000	0.000	0.000
2.350	40.000	39.294	0.000	39.294	0.706	0.000	60.000	0.000	0.000	0.000
2.355	40.000	38.531	0.000	38.531	1.469	0.000	60.000	0.000	0.000	0.000
2.360	40.000	38.125	0.000	38.125	1.875	0.000	60.000	0.000	0.000	0.000
2.365	40.000	37.920	0.000	37.920	2.080	0.000	60.000	0.000	0.000	0.000
2.370	40.000	37.935	0.000	37.935	2.065	0.000	60.000	0.000	0.000	0.000
2.375	40.000	37.922	0.000	37.922	2.078	0.000	60.000	0.000	0.000	0.000
2.380	40.000	38.964	0.000	38.964	1.036	0.000	60.000	0.000	0.000	0.000
2.385	40.000	38.252	0.000	38.252	1.748	0.000	60.000	0.000	0.000	0.000
2.390	40.000	38.007	0.000	38.007	1.993	0.000	60.000	0.000	0.000	0.000
2.395	40.000	38.018	0.000	38.018	1.982	0.000	60.000	0.000	0.000	0.000
2.400	40.000	38.037	0.000	38.037	1.963	0.000	60.000	0.000	0.000	0.000
2.405	40.000	39.096	0.000	39.096	0.904	0.000	60.000	0.000	0.000	0.000
2.410	40.000	39.056	0.000	39.056	0.944	0.000	60.000	0.000	0.000	0.000
2.415	40.000	38.198	0.000	38.198	1.802	0.000	60.000	0.000	0.000	0.000
2.420	40.000	38.255	0.000	38.255	1.745	0.000	60.000	0.000	0.000	0.000
2.425	40.000	38.539	0.000	38.539	1.461	0.000	60.000	0.000	0.000	0.000
2.430	40.000	39.178	0.000	39.178	0.822	0.000	60.000	0.000	0.000	0.000
2.435	40.000	39.151	0.000	39.151	0.849	0.000	60.000	0.000	0.000	0.000
2.440	40.000	38.293	0.000	38.293	1.707	0.000	60.000	0.000	0.000	0.000
2.445	40.000	38.352	0.000	38.352	1.648	0.000	60.000	0.000	0.000	0.000
2.450	40.000	38.618	0.000	38.618	1.382	0.000	60.000	0.000	0.000	0.000
2.455	40.000	39.714	0.000	39.714	0.286	0.000	60.000	0.000	0.000	0.000
2.460	40.000	38.921	0.000	38.921	1.079	0.000	60.000	0.000	0.000	0.000
2.465	40.000	38.377	0.000	38.377	1.623	0.000	60.000	0.000	0.000	0.000
2.470	40.000	38.432	0.000	38.432	1.568	0.000	60.000	0.000	0.000	0.000
2.475	40.000	38.713	0.000	38.713	1.287	0.000	60.000	0.000	0.000	0.000
2.480	40.000	39.841	0.000	39.841	0.159	0.000	60.000	0.000	0.000	0.000
2.485	40.000	39.051	0.000	39.051	0.949	0.000	60.000	0.000	0.000	0.000
2.490	40.000	38.630	0.000	38.630	1.370	0.000	60.000	0.000	0.000	0.000
2.495	40.000	38.436	0.000	38.436	1.564	0.000	60.000	0.000	0.000	0.000
2.500	40.000	38.420	0.000	38.420	1.580	0.000	60.000	0.000	0.000	0.000
2.505	40.000	39.945	0.000	39.945	0.055	0.000	60.000	0.000	0.000	0.000
2.510	40.000	39.133	0.000	39.133	0.867	0.000	60.000	0.000	0.000	0.000
2.515	40.000	38.726	0.000	38.726	1.274	0.000	60.000	0.000	0.000	0.000
2.520	40.000	38.505	0.000	38.505	1.495	0.000	60.000	0.000	0.000	0.000
2.525	40.000	38.519	0.000	38.519	1.481	0.000	60.000	0.000	0.000	0.000
2.530	40.000	38.510	0.000	38.510	1.490	0.000	60.000	0.000	0.000	0.000
2.535	40.000	39.582	0.000	39.582	0.418	0.000	60.000	0.000	0.000	0.000
2.540	40.000	38.817	0.000	38.817	1.183	0.000	60.000	0.000	0.000	0.000
2.545	40.000	38.603	0.000	38.603	1.397	0.000	60.000	0.000	0.000	0.000
2.550	40.000	38.621	0.000	38.621	1.379	0.000	60.000	0.000	0.000	0.000
2.555	40.000	38.594	0.000	38.594	1.406	0.000	60.000	0.000	0.000	0.000
2.560	40.000	39.665	0.000	39.665	0.335	0.000	60.000	0.000	0.000	0.000
2.565	40.000	39.621	0.000	39.621	0.379	0.000	60.000	0.000	0.000	0.000
2.570	40.000	38.770	0.000	38.770	1.230	0.000	60.000	0.000	0.000	0.000
2.575	40.000	38.685	0.000	38.685	1.315	0.000	60.000	0.000	0.000	0.000
2.580	40.000	38.639	0.000	38.639	1.361	0.000	60.000	0.000	0.000	0.000
2.585	40.000	39.752	0.000	39.752	0.248	0.000	60.000	0.000	0.000	0.000
2.590	40.000	39.724	0.000	39.724	0.276	0.000	60.000	0.000	0.000	0.000
2.595	40.000	38.840	0.000	38.840	1.160	0.000	60.000	0.000	0.000	0.000
2.600	40.000	38.868	0.000	38.868	1.132	0.000	60.000	0.000	0.000	0.000
2.605	40.000	38.725	0.000	38.725	1.275	0.000	60.000	0.000	0.000	0.000
2.610	40.000	39.816	0.000	39.816	0.184	0.000	60.000	0.000	0.000	0.000
2.615	40.000	39.756	0.000	39.756	0.244	0.000	60.000	0.000	0.000	0.000
2.620	40.000	38.916	0.000	38.916	1.084	0.000	60.000	0.000	0.000	0.000
2.625	40.000	38.945	0.000	38.945	1.055	0.000	60.000	0.000	0.000	0.000
2.630	40.000	39.215	0.000	39.215	0.785	0.000	60.000	0.000	0.000	0.000
2.635	40.000	39.885	0.000	39.885	0.115	0.000	60.000	0.000	0.000	0.000
2.640	40.000	39.832	0.000	39.832	0.168	0.000	60.000	0.000	0.000	0.000
2.645	40.000	38.993	0.000	38.993	1.007	0.000	60.000	0.000	0.000	0.000
2.650	40.000	39.018	0.000	39.018	0.982	0.000	60.000	0.000	0.000	0.000
2.655	40.000	39.291	0.000	39.291	0.709	0.000	60.000	0.000	0.000	0.000
2.660	40.000	40.419	0.000	40.419	-0.419	0.000	60.000	0.000	0.000	0.000
2.665	40.000	39.889	0.000	39.889	0.111	0.000	60.000	0.000	0.000	0.000
2.670	40.000	39.042	0.000	39.042	0.958	0.000	60.000	0.000	0.000	0.000
2.675	40.000	39.070	0.000	39.070	0.930	0.000	60.000	0.000	0.000	0.000
2.680	40.000	39.356	0.000	39.356	0.644	0.000	60.000	0.000	0.000	0.000
2.685	40.000	40.476	0.000	40.476	-0.476	0.000	60.000	0.000	0.000	0.000
2.690	40.000	39.662	0.000	39.662	0.338	0.000	60.000	0.000	0.000	0.000
2.695	40.000	39.103	0.000	39.103	0.897	0.000	60.000	0.000	0.000	0.000
2.700	40.000	39.159	0.000	39.159	0.841	0.000	60.000	0.000	0.000	0.000
2.705	40.000	39.422	0.000	39.422	0.578	0.000	60.000	0.000	0.000	0.000
2.710	40.000	40.522	0.000	40.522	-0.522	0.000	60.000	0.000	0.000	0.000
2.715	40.000	39.729	0.000	39.729	0.271	0.000	60.000	0.000	0.000	0.000
2.720	40.000	39.316	0.000	39.316	0.684	0.000	60.000	0.000	0.000	0.000
2.725	40.000	39.232	0.000	39.232	0.768	0.000	60.000	0.000	0.000	0.000
2.730	40.000	39.476	0.000	39.476	0.524	0.000	60.000	0.000	0.000	0.000
2.735	40.000	40.607	0.000	40.607	-0.607	0.000	60.000	0.000	0.000	0.000
2.740	40.000	39.804	0.000	39.804	0.196	0.000	60.000	0.000	0.000	0.000
2.745	40.000	39.383	0.000	39.383	0.617	0.000	60.000	0.000	0.000	0.000
2.750	40.000	39.194	0.000	39.194	0.806	0.000	60.000	0.000	0.000	0.000
2.755	40.000	39.533	0.000	39.533	0.467	0.000	60.000	0.000	0.000	0.000
2.760	40.000	40.662	0.000	40.662	-0.662	0.000	60.000	0.000	0.000	0.000
2.765	40.000	39.844	0.000	39.844	0.156	0.000	60.000	0.000	0.000	0.000
2.770	40.000	39.415	0.000	39.415	0.585	0.000	60.000	0.000	0.000	0.000
2.775	40.000	39.195	0.000	39.195	0.805	0.000	60.000	0.000	0.000	0.000
2.780	40.000	39.193	0.000	39.193	0.807	0.000	60.000	0.000	0.000	0.000
2.785	40.000	40.699	0.000	40.699	-0.699	0.000	60.000	0.000	0.000	0.000
2.790	40.000	39.924	0.000	39.924	0.076	0.000	60.000	0.000	0.000	0.000
2.795	40.000	39.480	0.000	39.480	0.520	0.000	60.000	0.000	0.000	0.000
2.800	40.000	39.295	0.000	39.295	0.705	0.000	60.000	0.000	0.000	0.000
2.805	40.000	39.258	0.000	39.258	0.742	0.000	60.000	0.000	0.000	0.000
2.810	40.000	40.773	0.000	40.773	-0.773	0.000	60.000	0.000	0.000	0.000
2.815	40.000	39.932	0.000	39.932	0.068	0.000	60.000	0.000	0.000	0.000
2.820	40.000	39.536	0.000	39.536	0.464	0.000	60.000	0.000	0.000	0.000
2.825	40.000	39.324	0.000	39.324	0.676	0.000	60.000	0.000	0.000	0.000
2.830	40.000	39.304	0.000	39.304	0.696	0.000	60.000	0.000	0.000	0.000
2.835	40.000	40.803	0.000	40.803	-0.803	0.000	60.000	0.000	0.000	0.000
2.840	40.000	40.009	0.000	40.009	-0.009	0.000	60.000	0.000	0.000	0.000
2.845	40.000	39.557	0.000	39.557	0.443	0.000	60.000	0.000	0.000	0.000
2.850	40.000	39.363	0.000	39.363	0.637	0.000	60.000	0.000	0.000	0.000
2.855	40.000	39.357	0.000	39.357	0.643	0.000	60.000	0.000	0.000	0.000
2.860	40.000	39.307	0.000	39.307	0.693	0.000	60.000	0.000	0.000	0.000
2.865	40.000	40.048	0.000	40.048	-0.048	0.000	60.000	0.000	0.000	0.000
2.870	40.000	39.656	0.000	39.656	0.344	0.000	60.000	0.000	0.000	0.000
2.875	40.000	39.429	0.000	39.429	0.571	0.000	60.000	0.000	0.000	0.000
2.880	40.000	39.409	0.000	39.409	0.591	0.000	60.000	0.000	0.000	0.000
2.885	40.000	39.371	0.000	39.371	0.629	0.000	60.000	0.000	0.000	0.000
2.890	40.000	40.075	0.000	40.075	-0.075	0.000	60.000	0.000	0.000	0.000
2.895	40.000	39.677	0.000	39.677	0.323	0.000	60.000	0.000	0.000	0.000
2.900	40.000	39.477	0.000	39.477	0.523	0.000	60.000	0.000	0.000	0.000
2.905	40.000	39.470	0.000	39.470	0.530	0.000	60.000	0.000	0.000	0.000
2.910	40.000	39.398	0.000	39.398	0.602	0.000	60.000	0.000	0.000	0.000
2.915	40.000	40.139	0.000	40.139	-0.139	0.000	60.000	0.000	0.000	0.000
2.920	40.000	39.714	0.000	39.714	0.286	0.000	60.000	0.000	0.000	0.000
2.925	40.000	39.498	0.000	39.498	0.502	0.000	60.000	0.000	0.000	0.000
2.930	40.000	39.492	0.000	39.492	0.508	0.000	60.000	0.000	0.000	0.000
2.935	40.000	39.441	0.000	39.441	0.559	0.000	60.000	0.000	0.000	0.000
2.940	40.000	40.168	0.000	40.168	-0.168	0.000	60.000	0.000	0.000	0.000
2.945	40.000	39.751	0.000	39.751	0.249	0.000	60.000	0.000	0.000	0.000
2.950	40.000	39.544	0.000	39.544	0.456	0.000	60.000	0.000	0.000	0.000
2.955	40.000	39.564	0.000	39.564	0.436	0.000	60.000	0.000	0.000	0.000
2.960	40.000	39.475	0.000	39.475	0.525	0.000	60.000	0.000	0.000	0.000
2.965	40.000	40.213	0.000	40.213	-0.213	0.000	60.000	0.000	0.000	0.000
2.970	40.000	39.799	0.000	39.799	0.201	0.000	60.000	0.000	0.000	0.000
2.975	40.000	39.599	0.000	39.599	0.401	0.000	60.000	0.000	0.000	0.000
2.980	40.000	39.595	0.000	39.595	0.405	0.000	60.000	0.000	0.000	0.000
2.985	40.000	39.514	0.000	39.514	0.486	0.000	60.000	0.000	0.000	0.000
2.990	40.000	40.233	0.000	40.233	-0.233	0.000	60.000	0.000	0.000	0.000
2.995	40.000	39.844	0.000	39.844	0.156	0.000	60.000	0.000	0.000	0.000
3.000	40.000	39.663	0.000	39.663	0.337	0.000	60.000	0.000	0.000	0.000
3.005	40.000	39.648	0.000	39.648	0.352	0.000	60.000	0.000	0.000	0.000
3.010	40.000	39.591	0.000	39.591	0.409	0.000	60.000	0.000	0.000	0.000
3.015	40.000	40.256	0.000	40.256	-0.256	0.000	60.000	0.000	0.000	0.000
3.020	40.000	39.847	0.000	39.847	0.153	0.000	60.000	0.000	0.000	0.000
3.025	40.000	39.686	0.000	39.686	0.314	0.000	60.000	0.000	0.000	0.000
3.030	40.000	39.691	0.000	39.691	0.309	0.000	60.000	0.000	0.000	0.000
3.035	40.000	39.610	0.000	39.610	0.390	0.000	60.000	0.000	0.000	0.000
3.040	40.000	40.297	0.000	40.297	-0.297	0.000	60.000	0.000	0.000	0.000
3.045	40.000	39.879	0.000	39.879	0.121	0.000	60.000	0.000	0.000	0.000
3.050	40.000	39.701	0.000	39.701	0.299	0.000	60.000	0.000	0.000	0.000
3.055	40.000	39.712	0.000	39.712	0.288	0.000	60.000	0.000	0.000	0.000
3.060	40.000	39.654	0.000	39.654	0.346	0.000	60.000	0.000	0.000	0.000
3.065	40.000	40.335	0.000	40.335	-0.335	0.000	60.000	0.000	0.000	0.000
3.070	40.000	39.909	0.000	39.909	0.091	0.000	60.000	0.000	0.000	0.000
3.075	40.000	39.741	0.000	39.741	0.259	0.000	60.000	0.000	0.000	0.000
3.080	40.000	39.751	0.000	39.751	0.249	0.000	60.000	0.000	0.000	0.000
3.085	40.000	39.690	0.000	39.690	0.310	0.000	60.000	0.000	0.000	0.000
3.090	40.000	40.356	0.000	40.356	-0.356	0.000	60.000	0.000	0.000	0.000
3.095	40.000	39.932	0.000	39.932	0.068	0.000	60.000	0.000	0.000	0.000
3.100	40.000	39.771	0.000	39.771	0.229	0.000	60.000	0.000	0.000	0.000
3.105	40.000	39.827	0.000	39.827	0.173	0.000	60.000	0.000	0.000	0.000
3.110	40.000	41.278	0.000	41.278	-1.278	0.000	60.000	0.000	0.000	0.000
3.115	40.000	40.397	0.000	40.397	-0.397	0.000	60.000	0.000	0.000	0.000
3.120	40.000	39.962	0.000	39.962	0.038	0.000	60.000	0.000	0.000	0.000
3.125	40.000	39.792	0.000	39.792	0.208	0.000	60.000	0.000	0.000	0.000
3.130	40.000	39.841	0.000	39.841	0.159	0.000	60.000	0.000	0.000	0.000
3.135	40.000	41.305	0.000	41.305	-1.305	0.000	60.000	0.000	0.000	0.000
3.140	40.000	40.438	0.000	40.438	-0.438	0.000	60.000	0.000	0.000	0.000
3.145	40.000	40.024	0.000	40.024	-0.024	0.000	60.000	0.000	0.000	0.000
3.150	40.000	39.817	0.000	39.817	0.183	0.000	60.000	0.000	0.000	0.000
3.155	40.000	39.889	0.000	39.889	0.111	0.000	60.000	0.000	0.000	0.000
3.160	40.000	41.350	0.000	41.350	-1.350	0.000	60.000	0.000	0.000	0.000
3.165	40.000	40.500	0.000	40.500	-0.500	0.000	60.000	0.000	0.000	0.000
3.170	40.000	40.064	0.000	40.064	-0.064	0.000	60.000	0.000	0.000	0.000
3.175	40.000	39.852	0.000	39.852	0.148	0.000	60.000	0.000	0.000	0.000
3.180	40.000	40.288	0.000	40.288	-0.288	0.000	60.000	0.000	0.000	0.000
3.185	40.000	41.419	0.000	41.419	-1.419	0.000	60.000	0.000	0.000	0.000
3.190	40.000	40.561	0.000	40.561	-0.561	0.000	60.000	0.000	0.000	0.000
3.195	40.000	40.086	0.000	40.086	-0.086	0.000	60.000	0.000	0.000	0.000
3.200	40.000	39.880	0.000	39.880	0.120	0.000	60.000	0.000	0.000	0.000
3.205	40.000	40.339	0.000	40.339	-0.339	0.000	60.000	0.000	0.000	0.000
3.210	40.000	41.460	0.000	41.460	-1.460	0.000	60.000	0.000	0.000	0.000
3.215	40.000	40.605	0.000	40.605	-0.605	0.000	60.000	0.000	0.000	0.000
3.220	40.000	40.123	0.000	40.123	-0.123	0.000	60.000	0.000	0.000	0.000
3.225	40.000	40.049	0.000	40.049	-0.049	0.000	60.000	0.000	0.000	0.000
3.230	40.000	40.362	0.000	40.362	-0.362	0.000	60.000	0.000	0.000	0.000
3.235	40.000	41.480	0.000	41.480	-1.480	0.000	60.000	0.000	0.000	0.000
3.240	40.000	40.585	0.000	40.585	-0.585	0.000	60.000	0.000	0.000	0.000
3.245	40.000	40.098	0.000	40.098	-0.098	0.000	60.000	0.000	0.000	0.000
3.250	40.000	40.051	0.000	40.051	-0.051	0.000	60.000	0.000	0.000	0.000
3.255	40.000	40.359	0.000	40.359	-0.359	0.000	60.000	0.000	0.000	0.000
3.260	40.000	41.490	0.000	41.490	-1.490	0.000	60.000	0.000	0.000	0.000
3.265	40.000	40.593	0.000	40.593	-0.593	0.000	60.000	0.000	0.000	0.000
3.270	40.000	40.009	0.000	40.009	-0.009	0.000	60.000	0.000	0.000	0.000
3.275	40.000	40.091	0.000	40.091	-0.091	0.000	60.000	0.000	0.000	0.000
3.280	40.000	40.356	0.000	40.356	-0.356	0.000	60.000	0.000	0.000	0.000
3.285	40.000	41.492	0.000	41.492	-1.492	0.000	60.000	0.000	0.000	0.000
3.290	40.000	40.633	0.000	40.633	-0.633	0.000	60.000	0.000	0.000	0.000
3.295	40.000	40.036	0.000	40.036	-0.036	0.000	60.000	0.000	0.000	0.000
3.300	40.000	40.083	0.000	40.083	-0.083	0.000	60.000	0.000	0.000	0.000
3.305	40.000	40.400	0.000	40.400	-0.400	0.000	60.000	0.000	0.000	0.000
3.310	40.000	41.532	0.000	41.532	-1.532	0.000	60.000	0.000	0.000	0.000
3.315	40.000	40.978	0.000	40.978	-0.978	0.000	60.000	0.000	0.000	0.000
3.320	40.000	40.073	0.000	40.073	-0.073	0.000	60.000	0.000	0.000	0.000
3.325	40.000	40.154	0.000	40.154	-0.154	0.000	60.000	0.000	0.000	0.000
3.330	40.000	40.456	0.000	40.456	-0.456	0.000	60.000	0.000	0.000	0.000
3.335	40.000	41.573	0.000	41.573	-1.573	0.000	60.000	0.000	0.000	0.000
3.340	40.000	41.004	0.000	41.004	-1.004	0.000	60.000	0.000	0.000	0.000
3.345	40.000	40.090	0.000	40.090	-0.090	0.000	60.000	0.000	0.000	0.000
3.350	40.000	40.151	0.000	40.151	-0.151	0.000	60.000	0.000	0.000	0.000
3.355	40.000	40.463	0.000	40.463	-0.463	0.000	60.000	0.000	0.000	0.000
3.360	40.000	41.107	0.000	41.107	-1.107	0.000	60.000	0.000	0.000	0.000
3.365	40.000	41.020	0.000	41.020	-1.020	0.000	60.000	0.000	0.000	0.000
3.370	40.000	40.100	0.000	40.100	-0.100	0.000	60.000	0.000	0.000	0.000
3.375	40.000	40.166	0.000	40.166	-0.166	0.000	60.000	0.000	0.000	0.000
3.380	40.000	40.468	0.000	40.468	-0.468	0.000	60.000	0.000	0.000	0.000
3.385	40.000	41.125	0.000	41.125	-1.125	0.000	60.000	0.000	0.000	0.000
3.390	40.000	41.046	0.000	41.046	-1.046	0.000	60.000	0.000	0.000	0.000
3.395	40.000	40.138	0.000	40.138	-0.138	0.000	60.000	0.000	0.000	0.000
3.400	40.000	40.186	0.000	40.186	-0.186	0.000	60.000	0.000	0.000	0.000
3.405	40.000	40.058	0.000	40.058	-0.058	0.000	60.000	0.000	0.000	0.000
3.410	40.000	41.141	0.000	41.141	-1.141	0.000	60.000	0.000	0.000	0.000
3.415	40.000	41.076	0.000	41.076	-1.076	0.000	60.000	0.000	0.000	0.000
3.420	40.000	40.154	0.000	40.154	-0.154	0.000	60.000	0.000	0.000	0.000
3.425	40.000	40.115	0.000	40.115	-0.115	0.000	60.000	0.000	0.000	0.000
3.430	40.000	40.074	0.000	40.074	-0.074	0.000	60.000	0.000	0.000	0.000
3.435	40.000	41.163	0.000	41.163	-1.163	0.000	60.000	0.000	0.000	0.000
3.440	40.000	41.077	0.000	41.077	-1.077	0.000	60.000	0.000	0.000	0.000
3.445	40.000	40.166	0.000	40.166	-0.166	0.000	60.000	0.000	0.000	0.000
3.450	40.000	40.150	0.000	40.150	-0.150	0.000	60.000	0.000	0.000	0.000
3.455	40.000	40.090	0.000	40.090	-0.090	0.000	60.000	0.000	0.000	0.000
3.460	40.000	41.175	0.000	41.175	-1.175	0.000	60.000	0.000	0.000	0.000
3.465	40.000	41.110	0.000	41.110	-1.110	0.000	60.000	0.000	0.000	0.000
3.470	40.000	40.108	0.000	40.108	-0.108	0.000	60.000	0.000	0.000	0.000
3.475	40.000	40.147	0.000	40.147	-0.147	0.000	60.000	0.000	0.000	0.000
3.480	40.000	40.089	0.000	40.089	-0.089	0.000	60.000	0.000	0.000	0.000
3.485	40.000	41.190	0.000	41.190	-1.190	0.000	60.000	0.000	0.000	0.000
3.490	40.000	40.363	0.000	40.363	-0.363	0.000	60.000	0.000	0.000	0.000
3.495	40.000	40.148	0.000	40.148	-0.148	0.000	60.000	0.000	0.000	0.000
3.500	40.000	40.172	0.000	40.172	-0.172	0.000	60.000	0.000	0.000	0.000
3.505	40.000	40.158	0.000	40.158	-0.158	0.000	60.000	0.000	0.000	0.000
3.510	40.000	40.848	0.000	40.848	-0.848	0.000	60.000	0.000	0.000	0.000
3.515	40.000	40.371	0.000	40.371	-0.371	0.000	60.000	0.000	0.000	0.000
3.520	40.000	40.174	0.000	40.174	-0.174	0.000	60.000	0.000	0.000	0.000
3.525	40.000	40.175	0.000	40.175	-0.175	0.000	60.000	0.000	0.000	0.000
3.530	40.000	40.149	0.000	40.149	-0.149	0.000	60.000	0.000	0.000	0.000
3.535	40.000	40.862	0.000	40.862	-0.862	0.000	60.000	0.000	0.000	0.000
3.540	40.000	40.381	0.000	40.381	-0.381	0.000	60.000	0.000	0.000	0.000
3.545	40.000	40.179	0.000	40.179	-0.179	0.000	60.000	0.000	0.000	0.000
3.550	40.000	40.216	0.000	40.216	-0.216	0.000	60.000	0.000	0.000	0.000
3.555	40.000	41.726	0.000	41.726	-1.726	0.000	60.000	0.000	0.000	0.000
3.560	40.000	40.880	0.000	40.880	-0.880	0.000	60.000	0.000	0.000	0.000
3.565	40.000	40.422	0.000	40.422	-0.422	0.000	60.000	0.000	0.000	0.000
3.570	40.000	40.204	0.000	40.204	-0.204	0.000	60.000	0.000	0.000	0.000
3.575	40.000	40.617	0.000	40.617	-0.617	0.000	60.000	0.000	0.000	0.000
3.580	40.000	41.757	0.000	41.757	-1.757	0.000	60.000	0.000	0.000	0.000
3.585	40.000	40.901	0.000	40.901	-0.901	0.000	60.000	0.000	0.000	0.000
3.590	40.000	40.425	0.000	40.425	-0.425	0.000	60.000	0.000	0.000	0.000
3.595	40.000	40.201	0.000	40.201	-0.201	0.000	60.000	0.000	0.000	0.000
3.600	40.000	40.639	0.000	40.639	-0.639	0.000	60.000	0.000	0.000	0.000
3.605	40.000	41.757	0.000	41.757	-1.757	0.000	60.000	0.000	0.000	0.000
3.610	40.000	40.906	0.000	40.906	-0.906	0.000	60.000	0.000	0.000	0.000
3.615	40.000	40.446	0.000	40.446	-0.446	0.000	60.000	0.000	0.000	0.000
3.620	40.000	40.333	0.000	40.333	-0.333	0.000	60.000	0.000	0.000	0.000
3.625	40.000	40.655	0.000	40.655	-0.655	0.000	60.000	0.000	0.000	0.000
3.630	40.000	41.800	0.000	41.800	-1.800	0.000	60.000	0.000	0.000	0.000
3.635	40.000	40.926	0.000	40.926	-0.926	0.000	60.000	0.000	0.000	0.000
3.640	40.000	40.299	0.000	40.299	-0.299	0.000	60.000	0.000	0.000	0.000
3.645	40.000	40.350	0.000	40.350	-0.350	0.000	60.000	0.000	0.000	0.000
3.650	40.000	40.624	0.000	40.624	-0.624	0.000	60.000	0.000	0.000	0.000
3.655	40.000	41.783	0.000	41.783	-1.783	0.000	60.000	0.000	0.000	0.000
3.660	40.000	41.233	0.000	41.233	-1.233	0.000	60.000	0.000	0.000	0.000
3.665	40.000	40.300	0.000	40.300	-0.300	0.000	60.000	0.000	0.000	0.000
3.670	40.000	40.365	0.000	40.365	-0.365	0.000	60.000	0.000	0.000	0.000
3.675	40.000	40.659	0.000	40.659	-0.659	0.000	60.000	0.000	0.000	0.000
3.680	40.000	41.338	0.000	41.338	-1.338	0.000	60.000	0.000	0.000	0.000
3.685	40.000	41.246	0.000	41.246	-1.246	0.000	60.000	0.000	0.000	0.000
3.690	40.000	40.334	0.000	40.334	-0.334	0.000	60.000	0.000	0.000	0.000
3.695	40.000	40.389	0.000	40.389	-0.389	0.000	60.000	0.000	0.000	0.000
3.700	40.000	40.670	0.000	40.670	-0.670	0.000	60.000	0.000	0.000	0.000
3.705	40.000	41.352	0.000	41.352	-1.352	0.000	60.000	0.000	0.000	0.000
3.710	40.000	41.277	0.000	41.277	-1.277	0.000	60.000	0.000	0.000	0.000
3.715	40.000	40.333	0.000	40.333	-0.333	0.000	60.000	0.000	0.000	0.000
3.720	40.000	40.395	0.000	40.395	-0.395	0.000	60.000	0.000	0.000	0.000
3.725	40.000	40.249	0.000	40.249	-0.249	0.000	60.000	0.000	0.000	0.000
3.730	40.000	41.364	0.000	41.364	-1.364	0.000	60.000	0.000	0.000	0.000
3.735	40.000	41.278	0.000	41.278	-1.278	0.000	60.000	0.000	0.000	0.000
3.740	40.000	40.354	0.000	40.354	-0.354	0.000	60.000	0.000	0.000	0.000
3.745	40.000	40.327	0.000	40.327	-0.327	0.000	60.000	0.000	0.000	0.000
3.750	40.000	40.269	0.000	40.269	-0.269	0.000	60.000	0.000	0.000	0.000
3.755	40.000	41.348	0.000	41.348	-1.348	0.000	60.000	0.000	0.000	0.000
3.760	40.000	41.283	0.000	41.283	-1.283	0.000	60.000	0.000	0.000	0.000
3.765	40.000	40.321	0.000	40.321	-0.321	0.000	60.000	0.000	0.000	0.000
3.770	40.000	40.320	0.000	40.320	-0.320	0.000	60.000	0.000	0.000	0.000
3.775	40.000	40.280	0.000	40.280	-0.280	0.000	60.000	0.000	0.000	0.000
3.780	40.000	41.373	0.000	41.373	-1.373	0.000	60.000	0.000	0.000	0.000
3.785	40.000	40.517	0.000	40.517	-0.517	0.000	60.000	0.000	0.000	0.000
3.790	40.000	40.311	0.000	40.311	-0.311	0.000	60.000	0.000	0.000	0.000
3.795	40.000	40.349	0.000	40.349	-0.349	0.000	60.000	0.000	0.000	0.000
3.800	40.000	40.294	0.000	40.294	-0.294	0.000	60.000	0.000	0.000	0.000
3.805	40.000	41.001	0.000	41.001	-1.001	0.000	60.000	0.000	0.000	0.000
3.810	40.000	40.543	0.000	40.543	-0.543	0.000	60.000	0.000	0.000	0.000
3.815	40.000	40.274	0.000	40.274	-0.274	0.000	60.000	0.000	0.000	0.000
3.820	40.000	40.341	0.000	40.341	-0.341	0.000	60.000	0.000	0.000	0.000
3.825	40.000	41.870	0.000	41.870	-1.870	0.000	60.000	0.000	0.000	0.000
3.830	40.000	41.000	0.000	41.000	-1.000	0.000	60.000	0.000	0.000	0.000
3.835	40.000	40.561	0.000	40.561	-0.561	0.000	60.000	0.000	0.000	0.000
3.840	40.000	40.338	0.000	40.338	-0.338	0.000	60.000	0.000	0.000	0.000
3.845	40.000	40.342	0.000	40.342	-0.342	0.000	60.000	0.000	0.000	0.000
3.850	40.000	41.886	0.000	41.886	-1.886	0.000	60.000	0.000	0.000	0.000
3.855	40.000	41.032	0.000	41.032	-1.032	0.000	60.000	0.000	0.000	0.000
3.860	40.000	40.538	0.000	40.538	-0.538	0.000	60.000	0.000	0.000	0.000
3.865	40.000	40.337	0.000	40.337	-0.337	0.000	60.000	0.000	0.000	0.000
3.870	40.000	40.729	0.000	40.729	-0.729	0.000	60.000	0.000	0.000	0.000
3.875	40.000	41.868	0.000	41.868	-1.868	0.000	60.000	0.000	0.000	0.000
3.880	40.000	41.032	0.000	41.032	-1.032	0.000	60.000	0.000	0.000	0.000
3.885	40.000	40.560	0.000	40.560	-0.560	0.000	60.000	0.000	0.000	0.000
3.890	40.000	40.451	0.000	40.451	-0.451	0.000	60.000	0.000	0.000	0.000
3.895	40.000	40.755	0.000	40.755	-0.755	0.000	60.000	0.000	0.000	0.000
3.900	40.000	41.904	0.000	41.904	-1.904	0.000	60.000	0.000	0.000	0.000
3.905	40.000	41.045	0.000	41.045	-1.045	0.000	60.000	0.000	0.000	0.000
3.910	40.000	40.438	0.000	40.438	-0.438	0.000	60.000	0.000	0.000	0.000
3.915	40.000	40.466	0.000	40.466	-0.466	0.000	60.000	0.000	0.000	0.000
3.920	40.000	40.766	0.000	40.766	-0.766	0.000	60.000	0.000	0.000	0.000
3.925	40.000	41.900	0.000	41.900	-1.900	0.000	60.000	0.000	0.000	0.000
3.930	40.000	41.341	0.000	41.341	-1.341	0.000	60.000	0.000	0.000	0.000
3.935	40.000	40.437	0.000	40.437	-0.437	0.000	60.000	0.000	0.000	0.000
3.940	40.000	40.474	0.000	40.474	-0.474	0.000	60.000	0.000	0.000	0.000
3.945	40.000	40.787	0.000	40.787	-0.787	0.000	60.000	0.000	0.000	0.000
3.950	40.000	41.438	0.000	41.438	-1.438	0.000	60.000	0.000	0.000	0.000
3.955	40.000	41.359	0.000	41.359	-1.359	0.000	60.000	0.000	0.000	0.000
3.960	40.000	40.430	0.000	40.430	-0.430	0.000	60.000	0.000	0.000	0.000
3.965	40.000	40.474	0.000	40.474	-0.474	0.000	60.000	0.000	0.000	0.000
3.970	40.000	40.343	0.000	40.343	-0.343	0.000	60.000	0.000	0.000	0.000
3.975	40.000	41.445	0.000	41.445	-1.445	0.000	60.000	0.000	0.000	0.000
3.980	40.000	41.378	0.000	41.378	-1.378	0.000	60.000	0.000	0.000	0.000
3.985	40.000	40.454	0.000	40.454	-0.454	0.000	60.000	0.000	0.000	0.000
3.990	40.000	40.396	0.000	40.396	-0.396	0.000	60.000	0.000	0.000	0.000
3.995	40.000	40.367	0.000	40.367	-0.367	0.000	60.000	0.000	0.000	0.000
4.000	40.000	41.453	0.000	41.453	-1.453	0.000	60.000	0.000	0.000	0.000
4.005	40.000	41.378	0.000	41.378	-1.378	0.000	60.000	0.000	0.000	0.000
4.010	40.000	40.374	0.000	40.374	-0.374	0.000	60.000	0.000	0.000	0.000
4.015	40.000	40.390	0.000	40.390	-0.390	0.000	60.000	0.000	0.000	0.000
4.020	40.000	40.362	0.000	40.362	-0.362	0.000	60.000	0.000	0.000	0.000
4.025	40.000	41.465	0.000	41.465	-1.465	0.000	60.000	0.000	0.000	0.000
4.030	40.000	40.611	0.000	40.611	-0.611	0.000	60.000	0.000	0.000	0.000
4.035	40.000	40.379	0.000	40.379	-0.379	0.000	60.000	0.000	0.000	0.000
4.040	40.000	40.403	0.000	40.403	-0.403	0.000	60.000	0.000	0.000	0.000
4.045	40.000	40.347	0.000	40.347	-0.347	0.000	60.000	0.000	0.000	0.000
4.050	40.000	41.077	0.000	41.077	-1.077	0.000	60.000	0.000	0.000	0.000
4.055	40.000	40.592	0.000	40.592	-0.592	0.000	60.000	0.000	0.000	0.000
4.060	40.000	40.357	0.000	40.357	-0.357	0.000	60.000	0.000	0.000	0.000
4.065	40.000	40.398	0.000	40.398	-0.398	0.000	60.000	0.000	0.000	0.000
4.070	40.000	41.933	0.000	41.933	-1.933	0.000	60.000	0.000	0.000	0.000
4.075	40.000	41.080	0.000	41.080	-1.080	0.000	60.000	0.000	0.000	0.000
4.080	40.000	40.635	0.000	40.635	-0.635	0.000	60.000	0.000	0.000	0.000
4.085	40.000	40.390	0.000	40.390	-0.390	0.000	60.000	0.000	0.000	0.000
4.090	40.000	40.829	0.000	40.829	-0.829	0.000	60.000	0.000	0.000	0.000
4.095	40.000	41.949	0.000	41.949	-1.949	0.000	60.000	0.000	0.000	0.000
4.100	40.000	41.080	0.000	41.080	-1.080	0.000	60.000	0.000	0.000	0.000
4.105	40.000	40.606	0.000	40.606	-0.606	0.000	60.000	0.000	0.000	0.000
4.110	40.000	40.506	0.000	40.506	-0.506	0.000	60.000	0.000	0.000	0.000
4.115	40.000	40.796	0.000	40.796	-0.796	0.000	60.000	0.000	0.000	0.000
4.120	40.000	41.957	0.000	41.957	-1.957	0.000	60.000	0.000	0.000	0.000
4.125	40.000	41.098	0.000	41.098	-1.098	0.000	60.000	0.000	0.000	0.000
4.130	40.000	40.477	0.000	40.477	-0.477	0.000	60.000	0.000	0.000	0.000
4.135	40.000	40.516	0.000	40.516	-0.516	0.000	60.000	0.000	0.000	0.000
4.140	40.000	40.823	0.000	40.823	-0.823	0.000	60.000	0.000	0.000	0.000
4.145	40.000	41.962	0.000	41.962	-1.962	0.000	60.000	0.000	0.000	0.000
4.150	40.000	41.412	0.000	41.412	-1.412	0.000	60.000	0.000	0.000	0.000
4.155	40.000	40.459	0.000	40.459	-0.459	0.000	60.000	0.000	0.000	0.000
4.160	40.000	40.530	0.000	40.530	-0.530	0.000	60.000	0.000	0.000	0.000
4.165	40.000	40.825	0.000	40.825	-0.825	0.000	60.000	0.000	0.000	0.000
4.170	40.000	41.501	0.000	41.501	-1.501	0.000	60.000	0.000	0.000	0.000
4.175	40.000	41.433	0.000	41.433	-1.433	0.000	60.000	0.000	0.000	0.000
4.180	40.000	40.501	0.000	40.501	-0.501	0.000	60.000	0.000	0.000	0.000
4.185	40.000	40.553	0.000	40.553	-0.553	0.000	60.000	0.000	0.000	0.000
4.190	40.000	40.826	0.000	40.826	-0.826	0.000	60.000	0.000	0.000	0.000
4.195	40.000	41.494	0.000	41.494	-1.494	0.000	60.000	0.000	0.000	0.000
4.200	40.000	41.429	0.000	41.429	-1.429	0.000	60.000	0.000	0.000	0.000
4.205	40.000	40.519	0.000	40.519	-0.519	0.000	60.000	0.000	0.000	0.000
4.210	40.000	40.561	0.000	40.561	-0.561	0.000	60.000	0.000	0.000	0.000
4.215	40.000	40.413	0.000	40.413	-0.413	0.000	60.000	0.000	0.000	0.000
4.220	40.000	41.499	0.000	41.499	-1.499	0.000	60.000	0.000	0.000	0.000
4.225	40.000	41.449	0.000	41.449	-1.449	0.000	60.000	0.000	0.000	0.000
4.230	40.000	40.519	0.000	40.519	-0.519	0.000	60.000	0.000	0.000	0.000
4.235	40.000	40.446	0.000	40.446	-0.446	0.000	60.000	0.000	0.000	0.000
4.240	40.000	40.403	0.000	40.403	-0.403	0.000	60.000	0.000	0.000	0.000
4.245	40.000	41.519	0.000	41.519	-1.519	0.000	60.000	0.000	0.000	0.000
4.250	40.000	40.669	0.000	40.669	-0.669	0.000	60.000	0.000	0.000	0.000
4.255	40.000	40.442	0.000	40.442	-0.442	0.000	60.000	0.000	0.000	0.000
4.260	40.000	40.464	0.000	40.464	-0.464	0.000	60.000	0.000	0.000	0.000
4.265	40.000	40.433	0.000	40.433	-0.433	0.000	60.000	0.000	0.000	0.000
4.270	40.000	41.163	0.000	41.163	-1.163	0.000	60.000	0.000	0.000	0.000
4.275	40.000	40.671	0.000	40.671	-0.671	0.000	60.000	0.000	0.000	0.000
4.280	40.000	40.464	0.000	40.464	-0.464	0.000	60.000	0.000	0.000	0.000
4.285	40.000	40.457	0.000	40.457	-0.457	0.000	60.000	0.000	0.000	0.000
4.290	40.000	40.439	0.000	40.439	-0.439	0.000	60.000	0.000	0.000	0.000
4.295	40.000	41.168	0.000	41.168	-1.168	0.000	60.000	0.000	0.000	0.000
4.300	40.000	40.673	0.000	40.673	-0.673	0.000	60.000	0.000	0.000	0.000
4.305	40.000	40.461	0.000	40.461	-0.461	0.000	60.000	0.000	0.000	0.000
4.310	40.000	40.493	0.000	40.493	-0.493	0.000	60.000	0.000	0.000	0.000
4.315	40.000	42.033	0.000	42.033	-2.033	0.000	60.000	0.000	0.000	0.000
4.320	40.000	41.145	0.000	41.145	-1.145	0.000	60.000	0.000	0.000	0.000
4.325	40.000	40.674	0.000	40.674	-0.674	0.000	60.000	0.000	0.000	0.000
4.330	40.000	40.459	0.000	40.459	-0.459	0.000	60.000	0.000	0.000	0.000
4.335	40.000	40.873	0.000	40.873	-0.873	0.000	60.000	0.000	0.000	0.000
4.340	40.000	42.016	0.000	42.016	-2.016	0.000	60.000	0.000	0.000	0.000
4.345	40.000	41.140	0.000	41.140	-1.140	0.000	60.000	0.000	0.000	0.000
4.350	40.000	40.536	0.000	40.536	-0.536	0.000	60.000	0.000	0.000	0.000
4.355	40.000	40.579	0.000	40.579	-0.579	0.000	60.000	0.000	0.000	0.000
4.360	40.000	40.875	0.000	40.875	-0.875	0.000	60.000	0.000	0.000	0.000
4.365	40.000	42.009	0.000	42.009	-2.009	0.000	60.000	0.000	0.000	0.000
4.370	40.000	41.460	0.000	41.460	-1.460	0.000	60.000	0.000	0.000	0.000
4.375	40.000	40.534	0.000	40.534	-0.534	0.000	60.000	0.000	0.000	0.000
4.380	40.000	40.595	0.000	40.595	-0.595	0.000	60.000	0.000	0.000	0.000
4.385	40.000	40.910	0.000	40.910	-0.910	0.000	60.000	0.000	0.000	0.000
4.390	40.000	41.544	0.000	41.544	-1.544	0.000	60.000	0.000	0.000	0.000
4.395	40.000	41.480	0.000	41.480	-1.480	0.000	60.000	0.000	0.000	0.000
4.400	40.000	40.546	0.000	40.546	-0.546	0.000	60.000	0.000	0.000	0.000
4.405	40.000	40.571	0.000	40.571	-0.571	0.000	60.000	0.000	0.000	0.000
4.410	40.000	40.888	0.000	40.888	-0.888	0.000	60.000	0.000	0.000	0.000
4.415	40.000	41.558	0.000	41.558	-1.558	0.000	60.000	0.000	0.000	0.000
4.420	40.000	41.469	0.000	41.469	-1.469	0.000	60.000	0.000	0.000	0.000
4.425	40.000	40.545	0.000	40.545	-0.545	0.000	60.000	0.000	0.000	0.000
4.430	40.000	40.504	0.000	40.504	-0.504	0.000	60.000	0.000	0.000	0.000
4.435	40.000	40.463	0.000	40.463	-0.463	0.000	60.000	0.000	0.000	0.000
4.440	40.000	41.543	0.000	41.543	-1.543	0.000	60.000	0.000	0.000	0.000
4.445	40.000	41.491	0.000	41.491	-1.491	0.000	60.000	0.000	0.000	0.000
4.450	40.000	40.474	0.000	40.474	-0.474	0.000	60.000	0.000	0.000	0.000
4.455	40.000	40.506	0.000	40.506	-0.506	0.000	60.000	0.000	0.000	0.000
4.460	40.000	40.470	0.000	40.470	-0.470	0.000	60.000	0.000	0.000	0.000
4.465	40.000	41.573	0.000	41.573	-1.573	0.000	60.000	0.000	0.000	0.000
4.470	40.000	40.710	0.000	40.710	-0.710	0.000	60.000	0.000	0.000	0.000
4.475	40.000	40.491	0.000	40.491	-0.491	0.000	60.000	0.000	0.000	0.000
4.480	40.000	40.507	0.000	40.507	-0.507	0.000	60.000	0.000	0.000	0.000
4.485	40.000	40.466	0.000	40.466	-0.466	0.000	60.000	0.000	0.000	0.000
4.490	40.000	41.178	0.000	41.178	-1.178	0.000	60.000	0.000	0.000	0.000
4.495	40.000	40.761	0.000	40.761	-0.761	0.000	60.000	0.000	0.000	0.000
4.500	40.000	40.517	0.000	40.517	-0.517	0.000	60.000	0.000	0.000	0.000
4.505	40.000	40.504	0.000	40.504	-0.504	0.000	60.000	0.000	0.000	0.000
4.510	40.000	42.066	0.000	42.066	-2.066	0.000	60.000	0.000	0.000	0.000
4.515	40.000	41.182	0.000	41.182	-1.182	0.000	60.000	0.000	0.000	0.000
4.520	40.000	40.726	0.000	40.726	-0.726	0.000	60.000	0.000	0.000	0.000
4.525	40.000	40.490	0.000	40.490	-0.490	0.000	60.000	0.000	0.000	0.000
4.530	40.000	40.887	0.000	40.887	-0.887	0.000	60.000	0.000	0.000	0.000
4.535	40.000	42.070	0.000	42.070	-2.070	0.000	60.000	0.000	0.000	0.000
4.540	40.000	41.194	0.000	41.194	-1.194	0.000	60.000	0.000	0.000	0.000
4.545	40.000	40.709	0.000	40.709	-0.709	0.000	60.000	0.000	0.000	0.000
4.550	40.000	40.625	0.000	40.625	-0.625	0.000	60.000	0.000	0.000	0.000
4.555	40.000	40.915	0.000	40.915	-0.915	0.000	60.000	0.000	0.000	0.000
4.560	40.000	42.046	0.000	42.046	-2.046	0.000	60.000	0.000	0.000	0.000
4.565	40.000	41.201	0.000	41.201	-1.201	0.000	60.000	0.000	0.000	0.000
4.570	40.000	40.573	0.000	40.573	-0.573	0.000	60.000	0.000	0.000	0.000
4.575	40.000	40.621	0.000	40.621	-0.621	0.000	60.000	0.000	0.000	0.000
4.580	40.000	40.916	0.000	40.916	-0.916	0.000	60.000	0.000	0.000	0.000
4.585	40.000	42.058	0.000	42.058	-2.058	0.000	60.000	0.000	0.000	0.000
4.590	40.000	41.502	0.000	41.502	-1.502	0.000	60.000	0.000	0.000	0.000
4.595	40.000	40.560	0.000	40.560	-0.560	0.000	60.000	0.000	0.000	0.000
4.600	40.000	40.621	0.000	40.621	-0.621	0.000	60.000	0.000	0.000	0.000
4.605	40.000	40.910	0.000	40.910	-0.910	0.000	60.000	0.000	0.000	0.000
4.610	40.000	41.573	0.000	41.573	-1.573	0.000	60.000	0.000	0.000	0.000
4.615	40.000	41.533	0.000	41.533	-1.533	0.000	60.000	0.000	0.000	0.000
4.620	40.000	40.580	0.000	40.580	-0.580	0.000	60.000	0.000	0.000	0.000
4.625	40.000	40.593	0.000	40.593	-0.593	0.000	60.000	0.000	0.000	0.000
4.630	40.000	40.489	0.000	40.489	-0.489	0.000	60.000	0.000	0.000	0.000
4.635	40.000	41.577	0.000	41.577	-1.577	0.000	60.000	0.000	0.000	0.000
4.640	40.000	41.501	0.000	41.501	-1.501	0.000	60.000	0.000	0.000	0.000
4.645	40.000	40.580	0.000	40.580	-0.580	0.000	60.000	0.000	0.000	0.000
4.650	40.000	40.514	0.000	40.514	-0.514	0.000	60.000	0.000	0.000	0.000
4.655	40.000	40.466	0.000	40.466	-0.466	0.000	60.000	0.000	0.000	0.000
4.660	40.000	41.587	0.000	41.587	-1.587	0.000	60.000	0.000	0.000	0.000
4.665	40.000	41.498	0.000	41.498	-1.498	0.000	60.000	0.000	0.000	0.000
4.670	40.000	40.510	0.000	40.510	-0.510	0.000	60.000	0.000	0.000	0.000
4.675	40.000	40.511	0.000	40.511	-0.511	0.000	60.000	0.000	0.000	0.000
4.680	40.000	40.482	0.000	40.482	-0.482	0.000	60.000	0.000	0.000	0.000
4.685	40.000	41.585	0.000	41.585	-1.585	0.000	60.000	0.000	0.000	0.000
4.690	40.000	40.742	0.000	40.742	-0.742	0.000	60.000	0.000	0.000	0.000
4.695	40.000	40.520	0.000	40.520	-0.520	0.000	60.000	0.000	0.000	0.000
4.700	40.000	40.542	0.000	40.542	-0.542	0.000	60.000	0.000	0.000	0.000
4.705	40.000	40.482	0.000	40.482	-0.482	0.000	60.000	0.000	0.000	0.000
4.710	40.000	41.207	0.000	41.207	-1.207	0.000	60.000	0.000	0.000	0.000
4.715	40.000	40.739	0.000	40.739	-0.739	0.000	60.000	0.000	0.000	0.000
4.720	40.000	40.503	0.000	40.503	-0.503	0.000	60.000	0.000	0.000	0.000
4.725	40.000	40.531	0.000	40.531	-0.531	0.000	60.000	0.000	0.000	0.000
4.730	40.000	42.066	0.000	42.066	-2.066	0.000	60.000	0.000	0.000	0.000
4.735	40.000	41.227	0.000	41.227	-1.227	0.000	60.000	0.000	0.000	0.000
4.740	40.000	40.736	0.000	40.736	-0.736	0.000	60.000	0.000	0.000	0.000
4.745	40.000	40.523	0.000	40.523	-0.523	0.000	60.000	0.000	0.000	0.000
4.750	40.000	40.924	0.000	40.924	-0.924	0.000	60.000	0.000	0.000	0.000
4.755	40.000	42.072	0.000	42.072	-2.072	0.000	60.000	0.000	0.000	0.000
4.760	40.000	41.235	0.000	41.235	-1.235	0.000	60.000	0.000	0.000	0.000
4.765	40.000	40.754	0.000	40.754	-0.754	0.000	60.000	0.000	0.000	0.000
4.770	40.000	40.657	0.000	40.657	-0.657	0.000	60.000	0.000	0.000	0.000
4.775	40.000	40.959	0.000	40.959	-0.959	0.000	60.000	0.000	0.000	0.000
4.780	40.000	42.084	0.000	42.084	-2.084	0.000	60.000	0.000	0.000	0.000
4.785	40.000	41.541	0.000	41.541	-1.541	0.000	60.000	0.000	0.000	0.000
4.790	40.000	40.600	0.000	40.600	-0.600	0.000	60.000	0.000	0.000	0.000
4.795	40.000	40.644	0.000	40.644	-0.644	0.000	60.000	0.000	0.000	0.000
4.800	40.000	40.947	0.000	40.947	-0.947	0.000	60.000	0.000	0.000	0.000
4.805	40.000	41.614	0.000	41.614	-1.614	0.000	60.000	0.000	0.000	0.000
4.810	40.000	41.533	0.000	41.533	-1.533	0.000	60.000	0.000	0.000	0.000
4.815	40.000	40.600	0.000	40.600	-0.600	0.000	60.000	0.000	0.000	0.000
4.820	40.000	40.641	0.000	40.641	-0.641	0.000	60.000	0.000	0.000	0.000
4.825	40.000	40.487	0.000	40.487	-0.487	0.000	60.000	0.000	0.000	0.000
4.830	40.000	41.596	0.000	41.596	-1.596	0.000	60.000	0.000	0.000	0.000
4.835	40.000	41.535	0.000	41.535	-1.535	0.000	60.000	0.000	0.000	0.000
4.840	40.000	40.599	0.000	40.599	-0.599	0.000	60.000	0.000	0.000	0.000
4.845	40.000	40.511	0.000	40.511	-0.511	0.000	60.000	0.000	0.000	0.000
4.850	40.000	40.508	0.000	40.508	-0.508	0.000	60.000	0.000	0.000	0.000
4.855	40.000	41.600	0.000	41.600	-1.600	0.000	60.000	0.000	0.000	0.000
4.860	40.000	41.533	0.000	41.533	-1.533	0.000	60.000	0.000	0.000	0.000
4.865	40.000	40.514	0.000	40.514	-0.514	0.000	60.000	0.000	0.000	0.000
4.870	40.000	40.527	0.000	40.527	-0.527	0.000	60.000	0.000	0.000	0.000
4.875	40.000	40.503	0.000	40.503	-0.503	0.000	60.000	0.000	0.000	0.000
4.880	40.000	41.615	0.000	41.615	-1.615	0.000	60.000	0.000	0.000	0.000
4.885	40.000	40.774	0.000	40.774	-0.774	0.000	60.000	0.000	0.000	0.000
4.890	40.000	40.519	0.000	40.519	-0.519	0.000	60.000	0.000	0.000	0.000
4.895	40.000	40.559	0.000	40.559	-0.559	0.000	60.000	0.000	0.000	0.000
4.900	40.000	40.503	0.000	40.503	-0.503	0.000	60.000	0.000	0.000	0.000
4.905	40.000	41.217	0.000	41.217	-1.217	0.000	60.000	0.000	0.000	0.000
4.910	40.000	40.761	0.000	40.761	-0.761	0.000	60.000	0.000	0.000	0.000
4.915	40.000	40.553	0.000	40.553	-0.553	0.000	60.000	0.000	0.000	0.000
4.920	40.000	40.551	0.000	40.551	-0.551	0.000	60.000	0.000	0.000	0.000
4.925	40.000	42.108	0.000	42.108	-2.108	0.000	60.000	0.000	0.000	0.000
4.930	40.000	41.233	0.000	41.233	-1.233	0.000	60.000	0.000	0.000	0.000
4.935	40.000	40.738	0.000	40.738	-0.738	0.000	60.000	0.000	0.000	0.000
4.940	40.000	40.518	0.000	40.518	-0.518	0.000	60.000	0.000	0.000	0.000
4.945	40.000	40.919	0.000	40.919	-0.919	0.000	60.000	0.000	0.000	0.000
4.950	40.000	42.100	0.000	42.100	-2.100	0.000	60.000	0.000	0.000	0.000
4.955	40.000	41.251	0.000	41.251	-1.251	0.000	60.000	0.000	0.000	0.000
4.960	40.000	40.755	0.000	40.755	-0.755	0.000	60.000	0.000	0.000	0.000
4.965	40.000	40.657	0.000	40.657	-0.657	0.000	60.000	0.000	0.000	0.000
4.970	40.000	40.937	0.000	40.937	-0.937	0.000	60.000	0.000	0.000	0.000
4.975	40.000	42.097	0.000	42.097	-2.097	0.000	60.000	0.000	0.000	0.000
4.980	40.000	41.231	0.000	41.231	-1.231	0.000	60.000	0.000	0.000	0.000
4.985	40.000	40.627	0.000	40.627	-0.627	0.000	60.000	0.000	0.000	0.000
4.990	40.000	40.672	0.000	40.672	-0.672	0.000	60.000	0.000	0.000	0.000
4.995	40.000	40.968	0.000	40.968	-0.968	0.000	60.000	0.000	0.000	0.000
